-204.335724
2.792383
2.804852
2.814257
2.843249
2.867962
2.886846
2.913799
2.940533
2.962683
2.989872
3.018289
3.043130
3.071635
3.102148
3.129981
3.160524
3.193473
3.224497
3.257366
3.292968
3.327057
3.362370
3.400440
3.437443
3.475204
3.515727
3.555634
3.595968
3.639157
3.682236
3.725641
3.772014
3.818840
3.865962
3.916024
3.967151
4.018504
4.072810
4.128613
4.184668
4.243587
4.304478
4.365666
4.429694
4.496168
4.563179
4.633065
4.705992
4.779853
4.856717
4.937287
5.019322
5.104569
5.194185
5.285951
5.381157
5.481465
5.584663
5.691658
5.804569
5.921333
6.042460
6.170548
6.303813
6.442348
6.589171
6.743008
6.903540
7.074161
7.254194
7.442968
7.644284
7.858257
8.083886
8.325545
8.584243
8.859069
9.154944
9.474467
9.817061
10.188779
10.594399
11.034711
11.517606
12.051559
12.640454
13.296065
14.033824
14.864622
15.809736
16.899763
18.164040
19.649851
21.429424
23.591146
26.274019
29.706865
34.244965
40.524902
49.819592
64.971985
94.071953
173.053909
1199.504517
-237.485336
-106.824348
-68.387215
-49.979877
-39.184952
-32.087822
-27.053402
-23.299892
-20.394026
-18.068954
-16.168205
-14.587205
-13.244759
-12.091522
-11.092671
-10.213643
-9.434205
-8.741304
-8.116868
-7.550659
-7.037780
-6.567617
-6.133746
-5.735082
-5.364805
-5.018244
-4.695845
-4.393284
-4.106678
-3.837276
-3.582386
-3.338386
-3.106972
-2.886588
-2.673755
-2.470220
-2.275208
-2.085518
-1.902512
-1.726295
-1.553638
-1.385638
-1.222937
-1.062490
-0.904991
-0.751613
-0.599477
-0.448885
-0.301344
-0.154348
-0.007638
0.136880
0.281460
0.426846
0.570947
0.715697
0.862336
1.008725
1.156399
1.307170
1.458884
1.612689
1.770859
1.931418
2.095051
2.264508
2.437963
2.615763
2.801031
2.992428
3.189779
3.396736
3.612606
3.836885
4.073779
4.323424
4.585275
4.864199
5.161620
5.477101
5.816555
6.183267
6.577562
7.007041
7.478053
7.993056
8.562871
9.199762
9.911387
10.716318
11.639176
12.702143
13.944582
15.424629
17.210583
19.413675
22.214491
25.885290
30.914087
38.259270
49.987789
71.725227
126.052032
506.091705
-253.900314
-101.862480
-63.832165
-46.515770
-36.613476
-30.197510
-25.689310
-22.351767
-19.780138
-17.729015
-16.058126
-14.671177
-13.494733
-12.486481
-11.614150
-10.846565
-10.167102
-9.563564
-9.019150
-8.526093
-8.079848
-7.670221
-7.292646
-6.946148
-6.623995
-6.322887
-6.043587
-5.781408
-5.533583
-5.301663
-5.082395
-4.873067
-4.675672
-4.487925
-4.307148
-4.135211
-3.970959
-3.811502
-3.658683
-3.512069
-3.368759
-3.230403
-3.097151
-2.966223
-2.838915
-2.715994
-2.594680
-2.475915
-2.360870
-2.246899
-2.134485
-2.025218
-1.916571
-1.808531
-1.702963
-1.597660
-1.492086
-1.388387
-1.284599
-1.179722
-1.076113
-0.972173
-0.866450
-0.761274
-0.655565
-0.547287
-0.438750
-0.329329
-0.216462
-0.102245
0.013470
0.133717
0.256762
0.382267
0.513694
0.649815
0.789787
0.937612
1.092663
1.253690
1.425247
1.607774
1.799817
2.006723
2.230648
2.470327
2.732671
3.022532
3.340265
3.695739
4.099728
4.557197
5.086068
5.710985
6.454006
7.359654
8.500729
9.974236
11.963046
14.825931
19.291267
27.280207
45.889233
138.704803
-139.535797
-46.738693
-28.141882
-20.133270
-15.672501
-12.817459
-10.819501
-9.346121
-8.209840
-7.297431
-6.551812
-5.929144
-5.393808
-4.931328
-4.527325
-4.165180
-3.840623
-3.548867
-3.279799
-3.032158
-2.805023
-2.591427
-2.390679
-2.203701
-2.025239
-1.854639
-1.693678
-1.538244
-1.387450
-1.243446
-1.103163
-0.965201
-0.832050
-0.701410
-0.571535
-0.444975
-0.320103
-0.194933
-0.071863
0.050069
0.173050
0.295077
0.416390
0.539533
0.662683
0.785703
0.911193
1.037812
1.164886
1.295096
1.427531
1.561064
1.698416
1.839083
1.981563
2.128539
2.279939
2.434151
2.593509
2.758745
2.927883
3.103282
3.286168
3.474582
3.670670
3.876355
4.089779
4.312858
4.548162
4.794168
5.052427
5.326549
5.615216
5.920054
6.245472
6.591156
6.958692
7.353776
7.777538
8.232039
8.725019
9.259808
9.839973
10.476335
11.176297
11.946787
12.804549
13.764686
14.842347
16.066650
17.470190
19.089466
20.985023
23.237028
25.947710
29.281363
33.486847
38.944984
46.324360
56.871895
73.158989
101.647659
164.343750
415.042786
-838.734863
-211.751755
-122.192032
-86.356750
-67.070068
-55.013088
-46.756454
-40.756302
-36.195858
-32.607220
-29.716351
-27.336639
-25.338808
-23.642881
-22.185514
-20.915192
-19.802200
-18.819984
-17.942862
-17.157640
-16.452274
-15.811568
-15.229031
-14.699114
-14.211693
-13.763152
-13.351379
-12.969284
-12.614260
-12.286262
-11.979915
-11.693245
-11.427076
-11.177541
-10.942675
-10.723951
-10.518417
-10.324062
-10.142651
-9.972101
-9.810162
-9.658779
-9.516604
-9.381273
-9.254624
-9.136078
-9.023144
-8.917562
-8.819421
-8.726119
-8.639150
-8.559225
-8.483677
-8.413755
-8.350573
-8.291644
-8.237681
-8.190354
-8.147233
-8.108671
-8.076743
-8.049218
-8.026033
-8.009709
-7.998320
-7.991399
-7.991757
-7.997970
-8.009141
-8.028349
-8.054713
-8.086909
-8.128307
-8.178681
-8.236332
-8.304828
-8.384861
-8.474539
-8.577666
-8.696155
-8.828172
-8.978032
-9.149348
-9.340890
-9.557919
-9.806740
-10.087704
-10.408247
-10.779368
-11.205615
-11.699751
-12.282645
-12.970431
-13.791497
-14.793856
-16.031897
-17.592518
-19.628864
-22.376970
-26.270262
-32.226006
-42.415268
-63.736759
-136.356232
663.560791
92.087837
48.200928
32.063400
23.677273
18.554581
15.109360
12.628310
10.763720
9.316912
8.156438
7.208970
6.425668
5.762739
5.196612
4.712061
4.288950
3.917186
3.592185
3.302784
3.043345
2.813432
2.606032
2.417169
2.248102
2.094291
1.952407
1.824348
1.707306
1.598125
1.498936
1.408160
1.322710
1.244697
1.173467
1.105979
1.044084
0.987881
0.934340
0.885022
0.840542
0.798000
0.758490
0.723178
0.689301
0.657485
0.629328
0.602347
0.576667
0.554261
0.532900
0.512347
0.494778
0.478255
0.462157
0.448719
0.436478
0.424178
0.414312
0.405687
0.396732
0.389732
0.384080
0.377783
0.373047
0.369820
0.365781
0.362920
0.361842
0.359809
0.358678
0.359622
0.359607
0.360135
0.363025
0.365086
0.367177
0.371753
0.375628
0.379031
0.384915
0.390290
0.394559
0.401373
0.407954
0.412895
0.420491
0.428362
0.433918
0.442369
0.452022
0.458606
0.468047
0.479759
0.487470
0.497901
0.512011
0.520650
0.531177
0.548631
0.557094
0.565528
0.589554
0.595812
-120.809082
0.609254
0.632252
0.652976
0.657836
0.671879
0.689818
0.699552
0.713252
0.730635
0.743414
0.757955
0.776281
0.791012
0.806783
0.825920
0.842495
0.859142
0.878861
0.896801
0.914195
0.934236
0.953196
0.971130
0.991596
1.011620
1.030372
1.051488
1.072658
1.092615
1.114639
1.137253
1.158630
1.181816
1.205927
1.228767
1.253037
1.278427
1.302686
1.327958
1.354693
1.380260
1.406646
1.434675
1.461870
1.489638
1.519318
1.548478
1.578018
1.609657
1.641113
1.672749
1.706619
1.740559
1.774519
1.810724
1.847324
1.883779
1.922519
1.962045
2.001419
2.043133
2.086193
2.129101
2.174571
2.221978
2.269490
2.319619
2.372422
2.425619
2.481575
2.540955
2.601088
2.664226
2.731610
2.800498
2.872750
2.950505
3.030878
3.115480
3.207320
3.303721
3.405833
3.517928
3.637646
3.765887
3.908392
4.063754
4.232952
4.424098
4.638023
4.876966
5.153820
5.475400
5.849697
6.302639
6.860569
7.558530
8.476672
9.742070
11.587191
14.581918
20.323389
35.805492
236.518494
-44.522823
-18.882410
-11.313301
-7.682892
-5.529088
-4.096641
-3.076777
-2.301299
-1.688122
-1.194407
-0.780383
-0.425079
-0.120594
0.148758
0.391774
0.608505
0.806764
0.992083
1.162282
1.321650
1.474615
1.618468
1.755478
1.889618
2.018233
2.142261
2.265405
2.385337
2.502040
2.618999
2.734420
2.847518
2.961633
3.075530
3.187888
3.301833
3.416677
3.530807
3.646974
3.765148
3.883315
4.003959
4.127523
4.251866
4.379037
4.509955
4.642388
4.778038
4.918294
5.060894
5.207175
5.358959
5.514204
5.673759
5.839933
6.010888
6.187083
6.371203
6.561718
6.758746
6.965230
7.180088
7.403067
7.637311
7.882436
8.137786
8.406865
8.690036
8.986435
9.299962
9.631853
9.981386
10.352870
10.748729
11.168694
11.617677
12.099873
12.615719
13.171294
13.773185
14.423547
15.130622
15.904854
16.752018
17.684399
18.719631
19.870956
21.159870
22.618273
24.277069
26.179855
28.392929
30.993805
34.091587
37.855232
42.519619
48.446663
56.247429
66.971298
82.627419
107.678345
154.197678
270.430603
1083.680420
-543.459534
-217.783051
-136.373734
-99.375374
-78.218575
-64.525154
-54.942356
-47.851368
-42.393185
-38.066616
-34.545918
-31.625309
-29.167740
-27.066139
-25.247465
-23.662436
-22.264925
-21.022024
-19.913128
-18.915478
-18.010714
-17.190283
-16.441151
-15.752188
-15.119469
-14.535648
-13.992614
-13.488983
-13.020528
-12.580894
-12.169721
-11.784616
-11.420507
-11.077446
-10.754577
-10.447349
-10.156011
-9.880538
-9.617224
-9.366059
-9.127812
-8.899200
-8.680054
-8.471586
-8.270980
-8.077636
-7.893301
-7.715425
-7.543177
-7.378404
-7.219165
-7.064133
-6.915289
-6.771369
-6.630563
-6.494973
-6.363764
-6.234974
-6.110513
-5.990183
-5.871620
-5.756763
-5.645787
-5.536099
-5.429321
-5.326272
-5.224154
-5.124166
-5.027690
-4.931795
-4.837294
-4.746133
-4.655385
-4.565434
-4.478642
-4.392301
-4.306080
-4.222920
-4.140340
-4.057303
-3.977185
-3.897770
-3.817151
-3.739139
-3.661921
-3.582571
-3.505213
-3.428789
-3.348989
-3.270296
-3.192447
-3.109693
-3.026444
-2.943660
-2.853083
-2.758322
-2.661636
-2.549298
-2.420263
-2.272776
-2.067602
-1.745649
-1.110278
1.874862
-6.874747
-3.842682
-3.196012
-2.891792
-2.685004
-2.533450
-2.414751
-2.305063
-2.206794
-2.120128
-2.033753
-1.950601
-1.873910
-1.796265
-1.719010
-1.646207
-1.572450
-1.497897
-1.426657
-1.354692
-1.281176
-1.210114
-1.138484
-1.064811
-0.992729
-0.920230
-0.845236
-0.771119
-0.696672
-0.619507
-0.542597
-0.465434
-0.385463
-0.305191
-0.224779
-0.141492
-0.057365
0.026901
0.114098
0.202749
0.291705
0.383755
0.477935
0.572728
0.670795
0.771718
0.873700
0.979117
1.088110
1.198611
1.312783
1.431252
1.551824
1.676343
1.805970
1.938496
2.075414
2.218433
2.365421
2.517550
2.676976
2.841875
3.012905
3.192811
3.379993
3.574794
3.780332
3.995507
4.220257
4.458263
4.709000
4.972087
5.251852
5.548658
5.862190
6.197313
6.555734
6.937426
7.348277
7.791910
8.269034
8.787308
9.353209
9.969562
10.646877
11.396877
12.226870
13.153673
14.198918
15.381171
16.732140
18.296698
20.122929
22.285282
24.895187
28.099798
32.130516
37.370995
44.450874
54.547592
70.150368
97.436996
157.410141
397.231934
-802.684570
-202.362701
-116.641495
-82.345169
-63.855270
-52.293633
-44.378147
-38.607231
-34.216343
-30.763739
-27.969152
-25.663054
-23.729387
-22.078035
-20.652382
-19.411423
-18.316174
-17.342501
-16.473799
-15.689526
-14.977547
-14.330832
-13.737483
-13.189815
-12.685646
-12.217334
-11.779343
-11.371851
-10.989557
-10.628305
-10.288863
-9.967998
-9.661891
-9.371793
-9.095722
-8.830098
-8.576230
-8.333106
-8.097372
-7.870204
-7.651398
-7.437791
-7.230207
-7.029263
-6.831954
-6.638731
-6.450730
-6.265059
-6.081886
-5.902705
-5.724786
-5.547833
-5.373700
-5.199847
-5.025568
-4.852778
-4.679364
-4.504133
-4.329054
-4.152449
-3.972599
-3.791553
-3.607977
-3.419676
-3.228590
-3.033836
-2.832545
-2.626458
-2.415128
-2.195077
-1.967569
-1.732434
-1.485711
-1.228012
-0.959307
-0.674969
-0.374707
-0.058507
0.279029
0.639725
1.023870
1.438230
1.886937
2.371386
2.900764
3.483206
4.123102
4.834448
5.632981
6.530839
7.553067
8.732430
10.102104
11.717646
13.660144
16.031982
18.999184
22.833670
27.969284
35.212879
46.233627
65.010155
104.221199
237.505890
-1230.623291
-181.371445
-100.765709
-71.061829
-55.596699
-46.118320
-39.711288
-35.081177
-31.584452
-28.850374
-26.646555
-24.836554
-23.324648
-22.036833
-20.929537
-19.969254
-19.123602
-18.375013
-17.710192
-17.111645
-16.570927
-16.082911
-15.636758
-15.227653
-14.854107
-14.508852
-14.188386
-13.893205
-13.618100
-13.360226
-13.120831
-12.896446
-12.684258
-12.486020
-12.299482
-12.121797
-11.954913
-11.797529
-11.646732
-11.504496
-11.370218
-11.241005
-11.118578
-11.003007
-10.891395
-10.785125
-10.684832
-10.587672
-10.494596
-10.406786
-10.321547
-10.239411
-10.161994
-10.086779
-10.013887
-9.945283
-9.878751
-9.813959
-9.753067
-9.694223
-9.636628
-9.582592
-9.530649
-9.479382
-9.431315
-9.385343
-9.339657
-9.296702
-9.255899
-9.215001
-9.176436
-9.140203
-9.103656
-9.069037
-9.037028
-9.004589
-8.973735
-8.945809
-8.917433
-8.890183
-8.866118
-8.841653
-8.817688
-8.797099
-8.776131
-8.754940
-8.737315
-8.719482
-8.700551
-8.685483
-8.670587
-8.653710
-8.641052
-8.629395
-8.614637
-8.604628
-8.596963
-8.584434
-8.577241
-8.574970
-8.564191
-8.559324
-8.568592
-8.557530
-5.018965
-8.522440
-8.544232
-8.549999
-8.543701
-8.549224
-8.554694
-8.553493
-8.558395
-8.565193
-8.567401
-8.573481
-8.582252
-8.587817
-8.596059
-8.607428
-8.616573
-8.627552
-8.641848
-8.654642
-8.668645
-8.685905
-8.702206
-8.719095
-8.739209
-8.758781
-8.778659
-8.801591
-8.824552
-8.847571
-8.873610
-8.900280
-8.926962
-8.956639
-8.987514
-9.018431
-9.052285
-9.087799
-9.123420
-9.161837
-9.202347
-9.243069
-9.286381
-9.332214
-9.378402
-9.427141
-9.478853
-9.531288
-9.586249
-9.644687
-9.704343
-9.766649
-9.833034
-9.901244
-9.972273
-10.047959
-10.126128
-10.207392
-10.293892
-10.383729
-10.476944
-10.576153
-10.679727
-10.787380
-10.901881
-11.022146
-11.147477
-11.281013
-11.422156
-11.569857
-11.727500
-11.895230
-12.071680
-12.260449
-12.462551
-12.676538
-12.906212
-13.153852
-13.418112
-13.703339
-14.013392
-14.347632
-14.711300
-15.110866
-15.547307
-16.027832
-16.563082
-17.157818
-17.823751
-18.579462
-19.438814
-20.424929
-21.575043
-22.927578
-24.539886
-26.505550
-28.948198
-32.061947
-36.185966
-41.900059
-50.336384
-64.097977
-90.548615
-162.255707
-1092.873779
210.722015
91.942017
57.004311
40.290897
30.473124
24.013033
19.440620
16.022211
13.369954
11.254512
9.519253
8.069847
6.843836
5.786831
4.865143
4.057434
3.338887
2.693879
2.114814
1.588310
1.105488
0.664027
0.255989
-0.124818
-0.478294
-0.809326
-1.122651
-1.417451
-1.696516
-1.963986
-2.218575
-2.461774
-2.697379
-2.924011
-3.142082
-3.355306
-3.562526
-3.763350
-3.961261
-4.155434
-4.345077
-4.533247
-4.719725
-4.903176
-5.086462
-5.269728
-5.451325
-5.633773
-5.817717
-6.001257
-6.186584
-6.374798
-6.563903
-6.755633
-6.951696
-7.150033
-7.352114
-7.560033
-7.771920
-7.988957
-8.213555
-8.444332
-8.681737
-8.928967
-9.184818
-9.449575
-9.726771
-10.015815
-10.316558
-10.633097
-10.965627
-11.313979
-11.682759
-12.073268
-12.485375
-12.924813
-13.394230
-13.894354
-14.431780
-15.011931
-15.636641
-16.314989
-17.055855
-17.864262
-18.753456
-19.738871
-20.832432
-22.056019
-23.438778
-25.008482
-26.808483
-28.900162
-31.354486
-34.276573
-37.825214
-42.218620
-47.799774
-55.144230
-65.234215
-79.963287
-103.530609
-147.282867
-256.588898
-1021.135315
508.971252
202.566559
125.989456
91.182060
71.275368
58.392448
49.374344
42.698936
37.561306
33.487713
30.171244
27.421015
25.106321
23.125702
21.412754
19.919966
18.602863
17.432224
16.388351
15.448026
14.596000
13.823663
13.117553
12.468420
11.872798
11.322333
10.810507
10.336417
9.894734
9.480424
9.093632
8.731098
8.388448
8.066400
7.763107
7.474539
7.201663
6.943686
6.696867
6.462109
6.239459
6.025566
5.821026
5.626596
5.439205
5.259177
5.087778
4.922217
4.762454
4.610125
4.462756
4.319853
4.183388
4.051198
3.922402
3.799137
3.679657
3.562694
3.450502
3.341845
3.235048
3.132392
3.033179
2.935380
2.841194
2.750491
2.660846
2.574333
2.491347
2.409169
2.329580
2.253591
2.178228
2.104905
2.035295
1.966309
1.898916
1.835479
1.772898
1.711609
1.654744
1.599307
1.545075
1.495976
1.449313
1.404000
1.364927
1.329895
1.296973
1.272170
1.254392
1.240944
1.239754
1.252300
1.276041
1.323528
1.403899
1.521002
1.706790
2.010143
2.509447
3.461313
5.790662
17.594252
-18.090509
-6.295849
-3.972109
-3.007625
-2.508981
-2.208043
-2.015035
-1.895966
-1.816607
-1.763809
-1.737381
-1.725371
-1.722602
-1.733183
-1.751210
-1.772812
-1.802538
-1.837165
-1.873083
-1.914382
-1.959500
-2.004903
-2.054042
-2.106620
-2.159083
-2.214317
-2.272885
-2.331401
-2.392151
-2.456280
-2.520659
-2.586879
-2.656649
-2.727051
-2.799025
-2.874661
-2.951288
-3.029289
-3.111045
-3.194212
-3.278742
-3.367017
-3.457278
-3.548938
-3.644613
-3.742924
-3.842902
-3.947107
-4.054834
-4.164633
-4.279058
-4.397870
-4.519274
-4.645761
-4.777528
-4.912646
-5.053365
-5.200484
-5.351863
-5.509542
-5.674884
-5.845923
-6.024327
-6.212126
-6.407425
-6.611668
-6.827553
-7.053396
-7.290427
-7.541993
-7.806951
-8.086103
-8.383704
-8.699317
-9.033713
-9.392027
-9.774993
-10.183609
-10.624461
-11.100053
-11.612212
-12.169666
-12.777905
-13.441014
-14.171233
-14.979409
-15.874587
-16.876257
-18.005791
-19.283964
-20.747074
-22.441849
-24.420040
-26.765511
-29.596819
-33.072586
-37.448132
-43.137123
-50.821774
-61.785919
-78.731583
-108.362427
-173.497604
-433.946289
869.764954
217.340179
124.218262
86.961739
66.880768
54.328606
45.733669
39.469265
34.705463
30.958191
27.926123
25.425737
23.327934
21.536594
19.991829
18.646601
17.459181
16.405079
15.464462
14.615185
13.845423
13.146376
12.504673
11.913549
11.369446
10.863420
10.391153
9.951634
9.538713
9.148928
8.782885
8.436085
8.105664
7.792811
7.494389
7.207489
6.933813
6.671170
6.416678
6.171909
5.935612
5.704954
5.481315
5.264215
5.050688
4.842059
4.638405
4.436827
4.238317
4.043537
3.849554
3.657102
3.467211
3.277033
3.086812
2.897938
2.707721
2.515865
2.324036
2.129696
1.931946
1.732750
1.529764
1.321539
1.110051
0.893321
0.669264
0.439734
0.203194
-0.043324
-0.298049
-0.562416
-0.840089
-1.129936
-1.433140
-1.754414
-2.093385
-2.451468
-2.834530
-3.243544
-3.680446
-4.152877
-4.664243
-5.217669
-5.823932
-6.490666
-7.224364
-8.041823
-8.958984
-9.991007
-11.168168
-12.525712
-14.102765
-15.965735
-18.205330
-20.940289
-24.366209
-28.793377
-34.723343
-43.094791
-55.832855
-77.534752
-122.872841
-276.978088
1421.902344
207.436569
114.210159
79.854652
61.974209
51.017742
43.609322
38.258484
34.219772
31.060251
28.515408
26.427431
24.682449
23.197462
21.922663
20.816406
19.843096
18.983202
18.218884
17.531080
16.911095
16.351109
15.838937
15.370506
14.942360
14.546369
14.179875
13.842121
13.527133
13.232847
12.959895
12.703634
12.462324
12.237213
12.024932
11.823503
11.634700
11.456011
11.285398
11.124739
10.972477
10.826285
10.688161
10.557192
10.430902
10.311211
10.197758
10.088017
9.983617
9.884765
9.788843
9.697168
9.610476
9.526111
9.445047
9.368504
9.293882
9.221775
9.153849
9.087699
9.023396
8.963020
8.904382
8.847088
8.793480
8.741669
8.690669
8.643067
8.597327
8.551924
8.509542
8.469078
8.428521
8.390558
8.354737
8.318415
8.284417
8.252770
8.220436
8.190017
8.162428
8.134039
8.107144
8.083526
8.059087
8.035515
8.015659
7.994890
7.974235
7.957645
7.940184
7.921767
7.908001
7.893556
7.876918
7.865686
7.854642
7.839497
7.831409
7.825445
7.812082
7.809879
7.820151
7.821448
128.973755
7.697588
7.741549
7.746747
7.742024
7.749002
7.751639
7.749415
7.754251
7.758403
7.758732
7.763789
7.769516
7.772097
7.778063
7.785584
7.790544
7.798103
7.807780
7.815473
7.825157
7.837367
7.848118
7.860304
7.875187
7.888971
7.903717
7.921155
7.937899
7.955120
7.975044
7.994606
8.014351
8.036793
8.059347
8.081963
8.107257
8.133156
8.159099
8.187696
8.217397
8.247074
8.279364
8.313161
8.346915
8.383146
8.421254
8.459368
8.499815
8.542541
8.585438
8.630617
8.678511
8.726945
8.777633
8.831617
8.886580
8.943882
9.005034
9.067726
9.132871
9.202412
9.274103
9.348494
9.427853
9.510209
9.595585
9.686718
9.781951
9.880886
9.986645
10.098029
10.214242
10.338834
10.471138
10.610023
10.759332
10.919340
11.088572
11.271256
11.468955
11.679996
11.909395
12.160301
12.431702
12.729692
13.060417
13.424432
13.830654
14.290320
14.808774
15.401449
16.091284
16.897274
17.854456
19.019579
20.460243
22.290207
24.710941
28.052958
32.973351
40.991642
56.372707
98.009995
637.798096
-118.451721
-49.444290
-29.135242
-19.403509
-13.669615
-9.889408
-7.204532
-5.185881
-3.613902
-2.353577
-1.310866
-0.434694
0.311757
0.963009
1.535963
2.042673
2.500259
2.915928
3.293241
3.642385
3.967198
4.268046
4.551426
4.820308
5.073370
5.315189
5.548407
5.771016
5.986307
6.196818
6.400410
6.599184
6.795873
6.988280
7.177648
7.366813
7.553694
7.738812
7.925083
8.110845
8.295868
8.483138
8.671433
8.860103
9.051994
9.246441
9.442292
9.642538
9.846843
10.053834
10.266229
10.484227
10.706289
10.934938
11.170864
11.412410
11.661797
11.920424
12.186507
12.462070
12.749298
13.046359
13.355091
13.678418
14.014796
14.366033
14.735388
15.122215
15.528000
15.956948
16.408985
16.885710
17.392513
17.930290
18.500999
19.111328
19.764380
20.462729
21.215467
22.028238
22.906097
23.861437
24.905025
26.046221
27.304031
28.698082
30.247396
31.984163
33.947124
36.177292
38.738602
41.714920
45.208870
49.373306
54.429722
60.689960
68.648277
79.119202
93.502815
114.506996
148.112106
210.489502
366.341278
1456.080322
-725.445801
-288.407013
-179.197418
-129.550888
-101.162910
-82.791962
-69.926468
-60.403915
-53.075832
-47.259872
-42.524609
-38.597500
-35.287941
-32.454872
-30.004528
-27.865383
-25.976442
-24.297649
-22.797350
-21.444212
-20.217991
-19.103790
-18.082994
-17.144176
-16.280220
-15.479184
-14.733600
-14.040402
-13.391655
-12.782021
-12.210365
-11.671309
-11.160442
-10.677947
-10.220154
-9.783083
-9.367562
-8.971049
-8.590064
-8.225406
-7.875705
-7.537468
-7.211698
-6.897763
-6.592278
-6.296212
-6.009560
-5.729154
-5.455647
-5.189705
-4.928232
-4.671475
-4.420674
-4.172854
-3.927922
-3.687275
-3.448331
-3.210374
-2.975210
-2.740341
-2.504585
-2.270014
-2.034397
-1.796078
-1.557001
-1.315528
-1.069301
-0.820246
-0.567088
-0.306832
-0.041092
0.231057
0.513311
0.804568
1.105535
1.420802
1.750009
2.093910
2.458077
2.843470
3.251064
3.688116
4.157658
4.661768
5.210227
5.809974
6.466034
7.193360
8.006511
8.918237
9.955254
11.150042
12.537243
14.176635
16.152637
18.574926
21.626989
25.608221
31.011768
38.790070
50.998020
72.921448
123.986908
379.039734
-386.834656
-131.154144
-80.039146
-58.111046
-45.903374
-38.128994
-32.735855
-28.766228
-25.726686
-23.321793
-21.364660
-19.745600
-18.382732
-17.214031
-16.204651
-15.324135
-14.544347
-13.851792
-13.233522
-12.674108
-12.167249
-11.707740
-11.285560
-10.897390
-10.541625
-10.211168
-9.904018
-9.620120
-9.354498
-9.105219
-8.873549
-8.655519
-8.449419
-8.256864
-8.074994
-7.901821
-7.739429
-7.585677
-7.438539
-7.300002
-7.168946
-7.042953
-6.924187
-6.812004
-6.703990
-6.601915
-6.505967
-6.413497
-6.326078
-6.244300
-6.165590
-6.091099
-6.021969
-5.955589
-5.892850
-5.835271
-5.780398
-5.728708
-5.682214
-5.638600
-5.597911
-5.562502
-5.530484
-5.501339
-5.477670
-5.457992
-5.441294
-5.430369
-5.424183
-5.421347
-5.424732
-5.433937
-5.447092
-5.467285
-5.494815
-5.527588
-5.568728
-5.619563
-5.677764
-5.746654
-5.828735
-5.921758
-6.029263
-6.155528
-6.298757
-6.463186
-6.655551
-6.875840
-7.130036
-7.429654
-7.778919
-8.189389
-8.683129
-9.277387
-10.001236
-10.908740
-12.065034
-13.576753
-15.646323
-18.624325
-23.240187
-31.365765
-49.303623
-121.082588
238.785324
58.742233
33.070511
22.835646
17.352139
13.932440
11.607551
9.933667
8.666646
7.680333
6.897528
6.257238
5.727114
5.286757
4.911816
4.590344
4.316716
4.078475
3.869513
3.689312
3.530512
3.389025
3.266389
3.157936
3.060354
2.975924
2.901741
2.834717
2.777304
2.727877
2.683380
2.646115
2.615378
2.588183
2.566452
2.550308
2.536746
2.527367
2.522899
2.520440
2.521270
2.526561
2.533673
2.543352
2.557329
2.573146
2.591077
2.613200
2.637340
2.663299
2.693374
2.725689
2.759635
2.797576
2.838133
2.880155
2.926183
2.975272
3.025870
3.080580
3.138938
3.199160
3.263738
3.332807
3.404323
3.480598
3.562453
3.647584
3.738117
3.835489
3.937293
4.045415
4.161990
4.284728
4.415177
4.556374
4.706278
4.866272
5.040394
5.227231
5.428068
5.648393
5.887800
6.147871
6.436071
6.754080
7.104663
7.498514
7.941688
8.440312
9.012225
9.673117
10.439847
11.348612
12.442551
13.776254
15.449761
17.614553
20.509933
24.600172
30.828867
41.430931
63.582775
138.892609
-691.871521
-97.828934
-52.269478
-35.471451
-26.725859
-21.369629
-17.742615
-15.119591
-13.140908
-11.589580
-10.336626
-9.309419
-8.448470
-7.712772
-7.081645
-6.532402
-6.046350
-5.617163
-5.234540
-4.887611
-4.574727
-4.291199
-4.029364
-3.789272
-3.569120
-3.362985
-3.171443
-2.994240
-2.826650
-2.669095
-2.522496
-2.382769
-2.250125
-2.126131
-2.007293
-1.893420
-1.786418
-1.683489
-1.583875
-1.489796
-1.399055
-1.310432
-1.226332
-1.145072
-1.065042
-0.988790
-0.915075
-0.842136
-0.772198
-0.704797
-0.637730
-0.573213
-0.511022
-0.448906
-0.388718
-0.330902
-0.272852
-0.216145
-0.161654
-0.106804
-0.052860
-0.000963
0.051197
0.103071
0.152782
0.202631
0.252627
0.300402
0.348145
0.396376
0.442429
0.488340
0.535062
0.579802
0.624126
0.669767
0.713539
0.756723
0.801678
0.845115
0.887465
0.931864
0.974980
1.016534
1.060279
1.102979
1.143406
1.186207
1.228318
1.267381
1.308924
1.350557
1.387939
1.427885
1.468817
1.504028
1.541270
1.580250
1.610401
1.639434
1.668170
1.672132
1.640828
1.493587
-820.237000
2.442162
2.251220
2.232432
2.248280
2.267269
2.300769
2.340786
2.376744
2.417789
2.463024
2.504890
2.549401
2.597498
2.642905
2.689890
2.740442
2.789182
2.838496
2.891330
2.943057
2.994846
3.049974
3.104302
3.158428
3.215465
3.272480
3.328859
3.387981
3.447639
3.506700
3.568401
3.631176
3.693427
3.758270
3.824682
3.890738
3.959220
4.029708
4.100027
4.172531
4.247465
4.322396
4.399366
4.479118
4.559168
4.641225
4.726395
4.812433
4.900477
4.992114
5.085269
5.180494
5.279904
5.381428
5.485300
5.593826
5.705250
5.819226
5.938438
6.061388
6.187445
6.319333
6.456137
6.596756
6.744168
6.897976
7.056806
7.223573
7.398832
7.580782
7.772523
7.975152
8.186909
8.410919
8.649320
8.900319
9.167157
9.453223
9.757283
10.082815
10.435140
10.813933
11.223905
11.672729
12.162581
12.700217
13.298340
13.964028
14.709279
15.556684
16.525146
17.641520
18.953243
20.512861
22.396664
24.733023
27.708006
31.621626
37.033237
45.019253
57.995304
82.897980
150.393463
1024.157837
-200.335190
-88.570625
-55.650620
-39.872723
-30.603579
-24.480228
-20.125557
-16.869274
-14.327703
-12.284353
-10.606770
-9.195334
-7.987688
-6.944149
-6.027397
-5.211780
-4.483496
-3.824645
-3.222314
-2.671283
-2.162310
-1.686792
-1.243820
-0.827792
-0.432454
-0.058211
0.298041
0.641359
0.970866
1.287939
1.597123
1.897378
2.189112
2.476179
2.757883
3.033751
3.307443
3.578515
3.845961
4.113117
4.379989
4.645255
4.911714
5.180075
5.448623
5.719776
5.994782
6.271739
6.552825
6.839416
7.129741
7.425671
7.728967
8.037992
8.354121
8.679817
9.013505
9.356325
9.711155
10.076896
10.454182
10.846605
11.253613
11.675353
12.116067
12.575781
13.054770
13.557433
14.085089
14.637835
15.220913
15.836898
16.486305
17.175478
17.908573
18.687603
19.520069
20.413078
21.370451
22.402622
23.520908
24.732918
26.053802
27.502577
29.094196
30.853735
32.814045
35.006863
37.478222
40.291466
43.518559
47.258877
51.655949
56.894318
63.241589
71.106827
81.105797
94.241119
112.293533
138.659149
180.802521
259.036896
454.523895
1820.551880
-914.871094
-366.638580
-229.615875
-167.322906
-131.717163
-108.654938
-92.498390
-80.548897
-71.341522
-64.028183
-58.081097
-53.141739
-48.973141
-45.410145
-42.324173
-39.623348
-37.242859
-35.124191
-33.224197
-31.513662
-29.961895
-28.545422
-27.249775
-26.057821
-24.954689
-23.933239
-22.983101
-22.094009
-21.262470
-20.482063
-19.745169
-19.049898
-18.392479
-17.766718
-17.171598
-16.605179
-16.062071
-15.541753
-15.043363
-14.562463
-14.098420
-13.651416
-13.217523
-12.795931
-12.387603
-11.989015
-11.599281
-11.219596
-10.847062
-10.480315
-10.120930
-9.766372
-9.414991
-9.068310
-8.724447
-8.381173
-8.040198
-7.699979
-7.357932
-7.015619
-6.672045
-6.324240
-5.973458
-5.619139
-5.257881
-4.890592
-4.516984
-4.133216
-3.739493
-3.335888
-2.917959
-2.485064
-2.037264
-1.569522
-1.080006
-0.568523
-0.029250
0.541502
1.144508
1.787209
2.475703
3.212755
4.008215
4.872711
5.812854
6.843622
7.983873
9.248835
10.664701
12.267655
14.093847
16.198137
18.659857
21.574924
25.086170
29.413998
34.877506
41.997791
51.694351
65.674110
87.597855
127.033127
218.964600
677.917419
-700.978394
-240.583527
-148.541138
-109.088295
-87.162552
-73.189987
-63.511013
-56.409546
-50.967815
-46.667274
-43.185226
-40.301720
-37.875824
-35.810169
-34.024448
-32.466446
-31.098505
-29.884041
-28.798603
-27.826252
-26.947321
-26.148426
-25.422747
-24.758453
-24.147167
-23.586182
-23.068029
-22.586754
-22.141537
-21.727840
-21.340599
-20.980234
-20.643938
-20.327410
-20.031601
-19.754841
-19.493425
-19.248243
-19.019018
-18.801975
-18.598089
-18.407667
-18.227478
-18.058161
-17.900551
-17.751665
-17.611868
-17.482494
-17.360926
-17.247007
-17.142559
-17.045414
-16.954952
-16.873451
-16.798958
-16.730703
-16.670938
-16.618481
-16.571943
-16.533905
-16.503628
-16.479351
-16.463594
-16.456190
-16.455221
-16.463160
-16.480438
-16.504911
-16.539036
-16.583891
-16.637417
-16.701897
-16.779375
-16.867725
-16.969233
-17.087070
-17.219343
-17.368439
-17.538462
-17.728529
-17.941038
-18.182058
-18.451813
-18.753468
-19.095984
-19.482330
-19.917980
-20.416439
-20.986704
-21.640146
-22.400776
-23.291424
-24.340355
-25.598965
-27.131058
-29.022583
-31.423393
-34.562717
-38.817673
-44.916809
-54.374050
-70.935951
-107.409744
-253.371857
478.122192
111.917633
59.729748
38.867130
27.644020
20.648827
15.866630
12.392062
9.762663
7.699434
6.036399
4.674175
3.534932
2.565854
1.736878
1.017561
0.384710
-0.171991
-0.666666
-1.112327
-1.512198
-1.873528
-2.204713
-2.506668
-2.782629
-3.039178
-3.276173
-3.494862
-3.700521
-3.892809
-4.071772
-4.241762
-4.402678
-4.553590
-4.698361
-4.836937
-4.967949
-5.094583
-5.217240
-5.334082
-5.447658
-5.558903
-5.665644
-5.770061
-5.873365
-5.973377
-6.071733
-6.170054
-6.266223
-6.361342
-6.457438
-6.552473
-6.647030
-6.743404
-6.839812
-6.936280
-7.035327
-7.135456
-7.236200
-7.340260
-7.446510
-7.554065
-7.665735
-7.780922
-7.898332
-8.020929
-8.148671
-8.279934
-8.417759
-8.562769
-8.713149
-8.871862
-9.040354
-9.216768
-9.403951
-9.604412
-9.816313
-10.042668
-10.287249
-10.548677
-10.830286
-11.137663
-11.470694
-11.833493
-12.234465
-12.675900
-13.164322
-13.712956
-14.329281
-15.025496
-15.825020
-16.748255
-17.823275
-19.099840
-20.635859
-22.513700
-24.874165
-27.927191
-32.017429
-37.804165
-46.615105
-61.626007
-93.014870
-199.719025
978.599243
135.862473
71.281151
47.484375
35.111595
27.538061
22.415678
18.721542
15.938293
13.759306
12.006984
10.573108
9.373311
8.353556
7.481389
6.723714
6.057607
5.472158
4.951321
4.482876
4.063288
3.684087
3.337255
3.022125
2.734180
2.467283
2.221955
1.995983
1.784299
1.587820
1.405835
1.233930
1.073067
0.923501
0.781448
0.647477
0.522659
0.403601
0.290555
0.185012
0.084088
-0.012462
-0.102823
-0.189406
-0.272886
-0.351167
-0.426286
-0.499274
-0.567924
-0.633694
-0.698006
-0.758655
-0.816565
-0.873515
-0.927311
-0.978446
-1.029012
-1.076988
-1.122327
-1.167431
-1.210493
-1.250985
-1.291508
-1.330564
-1.367103
-1.403748
-1.439502
-1.472679
-1.505997
-1.538772
-1.568967
-1.599144
-1.629211
-1.656603
-1.683820
-1.711288
-1.736190
-1.760652
-1.785922
-1.808759
-1.830864
-1.854409
-1.875592
-1.895843
-1.917913
-1.937914
-1.956312
-1.976923
-1.995705
-2.011974
-2.030802
-2.048012
-2.061608
-2.077965
-2.093262
-2.103152
-2.116125
-2.128745
-2.132684
-2.138840
-2.144312
-2.127708
-2.094609
-1.990235
435.264313
-2.568621
-2.424114
-2.400896
-2.393932
-2.387439
-2.394840
-2.403842
-2.408316
-2.418679
-2.430358
-2.437627
-2.447965
-2.459806
-2.467895
-2.477683
-2.489333
-2.497860
-2.507356
-2.518881
-2.528025
-2.537497
-2.549139
-2.558890
-2.568494
-2.580194
-2.590420
-2.600022
-2.611560
-2.621988
-2.631418
-2.642612
-2.653089
-2.662344
-2.673270
-2.683901
-2.693230
-2.704097
-2.715118
-2.724818
-2.735897
-2.747458
-2.757715
-2.769077
-2.781213
-2.792008
-2.803603
-2.816202
-2.827479
-2.839272
-2.852297
-2.864138
-2.876260
-2.889853
-2.902538
-2.915330
-2.929834
-2.943718
-2.957515
-2.973248
-2.988665
-3.003796
-3.020923
-3.038072
-3.054705
-3.073393
-3.092458
-3.110890
-3.131449
-3.152871
-3.173664
-3.196713
-3.221325
-3.245460
-3.272075
-3.301052
-3.329896
-3.361467
-3.396395
-3.431684
-3.470091
-3.513069
-3.557294
-3.605274
-3.659631
-3.716863
-3.779305
-3.851133
-3.929020
-4.015333
-4.116591
-4.230580
-4.360404
-4.517052
-4.702082
-4.922719
-5.201917
-5.556667
-6.018165
-6.664066
-7.617564
-9.155113
-12.121046
-20.167343
-124.011909
21.588976
8.298259
4.369575
2.492823
1.396275
0.665589
0.148354
-0.233718
-0.535753
-0.777797
-0.972573
-1.139188
-1.281918
-1.402038
-1.509533
-1.605950
-1.689296
-1.765972
-1.837188
-1.899816
-1.958351
-2.014205
-2.064059
-2.110976
-2.156804
-2.198317
-2.237600
-2.276760
-2.312865
-2.347092
-2.381932
-2.414731
-2.445808
-2.477932
-2.508702
-2.537892
-2.568233
-2.597838
-2.625889
-2.655081
-2.684028
-2.711473
-2.740023
-2.768842
-2.796258
-2.824798
-2.854086
-2.882243
-2.911467
-2.941961
-2.971541
-3.002192
-3.034517
-3.066220
-3.098859
-3.133560
-3.167914
-3.203070
-3.240645
-3.278270
-3.316675
-3.357889
-3.399710
-3.442409
-3.488421
-3.535812
-3.584316
-3.636743
-3.691458
-3.747727
-3.808604
-3.872897
-3.939327
-4.011253
-4.088025
-4.167939
-4.254538
-4.348051
-4.446382
-4.553391
-4.670383
-4.795144
-4.931891
-5.083570
-5.248087
-5.430525
-5.636147
-5.864015
-6.120891
-6.416440
-6.753182
-7.142727
-7.604597
-8.152399
-8.814116
-9.639319
-10.685884
-12.056560
-13.948380
-16.709484
-21.113506
-29.307013
-49.781178
-192.700989
93.634659
36.227955
21.868185
15.349270
11.627502
9.209815
7.519681
6.273025
5.307617
4.542368
3.923072
3.405304
2.968869
2.598763
2.275832
1.993223
1.746938
1.526164
1.327794
1.151779
0.991078
0.843593
0.710975
0.588293
0.473646
0.369398
0.272113
0.179759
0.094997
0.015506
-0.060904
-0.131620
-0.198044
-0.262579
-0.322787
-0.379320
-0.434772
-0.487012
-0.536063
-0.584614
-0.630909
-0.674398
-0.717788
-0.759731
-0.799161
-0.838715
-0.877467
-0.913908
-0.950521
-0.986847
-1.021031
-1.055328
-1.089802
-1.122319
-1.154909
-1.188127
-1.219679
-1.251272
-1.283973
-1.315385
-1.346821
-1.379809
-1.411947
-1.444038
-1.478077
-1.511700
-1.545205
-1.580976
-1.616832
-1.652524
-1.690839
-1.729862
-1.768852
-1.810923
-1.854640
-1.898655
-1.946453
-1.997163
-2.048867
-2.105326
-2.166423
-2.229686
-2.299134
-2.375689
-2.456441
-2.545756
-2.646110
-2.754525
-2.876116
-3.015977
-3.172022
-3.351413
-3.564524
-3.813329
-4.111745
-4.484528
-4.951332
-5.556797
-6.389353
-7.585193
-9.452950
-12.829256
-20.691177
-59.861713
57.940277
18.589931
10.707682
7.338579
5.466803
4.265718
3.437947
2.832353
2.362915
1.994327
1.698091
1.448854
1.240470
1.065278
0.910804
0.776402
0.660527
0.555176
0.460701
0.378030
0.301317
0.230822
0.168618
0.110236
0.055476
0.006973
-0.038734
-0.082377
-0.121118
-0.157604
-0.193071
-0.224676
-0.254326
-0.283719
-0.310112
-0.334728
-0.359593
-0.382154
-0.402982
-0.424337
-0.443937
-0.461750
-0.480172
-0.497262
-0.512464
-0.528260
-0.543119
-0.556026
-0.569475
-0.582411
-0.593392
-0.604863
-0.616249
-0.625741
-0.635628
-0.645809
-0.654154
-0.662694
-0.671816
-0.679130
-0.686344
-0.694339
-0.700565
-0.706352
-0.713070
-0.718138
-0.722424
-0.727833
-0.731783
-0.734668
-0.738835
-0.741834
-0.743468
-0.746476
-0.748606
-0.748966
-0.750646
-0.751693
-0.750453
-0.750301
-0.749714
-0.746232
-0.743438
-0.740417
-0.733820
-0.727353
-0.720882
-0.710003
-0.698340
-0.686732
-0.669381
-0.649445
-0.628849
-0.599672
-0.563652
-0.523521
-0.466957
-0.390610
-0.294049
-0.147682
0.086237
0.480788
1.366624
4.959802
-12.930581
-3.984428
-2.725807
-2.210256
-1.934200
-1.769881
-1.651542
-1.564974
-1.504993
-1.454589
-1.412791
-1.383011
-1.356292
-1.332085
-1.315009
-1.299302
-1.283724
-1.272891
-1.262929
-1.251964
-1.244314
-1.237461
-1.229100
-1.223114
-1.218097
-1.211433
-1.206500
-1.202784
-1.197474
-1.193406
-1.190761
-1.186628
-1.183263
-1.181420
-1.178199
-1.175258
-1.173849
-1.171178
-1.168332
-1.166997
-1.164575
-1.161629
-1.160189
-1.157930
-1.154899
-1.153371
-1.151353
-1.148379
-1.146855
-1.145149
-1.142298
-1.140743
-1.139264
-1.136439
-1.134658
-1.133173
-1.130159
-1.127907
-1.126169
-1.122820
-1.119959
-1.117883
-1.114211
-1.110780
-1.108413
-1.104528
-1.100601
-1.097963
-1.093900
-1.089406
-1.086317
-1.081866
-1.076494
-1.072553
-1.067300
-1.060594
-1.055272
-1.048776
-1.040282
-1.033083
-1.024958
-1.014251
-1.004678
-0.994416
-0.980847
-0.967967
-0.954487
-0.936567
-0.918321
-0.899138
-0.873567
-0.845539
-0.815196
-0.774657
-0.726808
-0.672131
-0.597677
-0.501521
-0.379651
-0.199439
0.076627
0.530716
1.496399
4.796415
-31.387243
-5.521053
-3.551509
-2.811218
-2.430175
-2.203471
-2.043245
-1.928840
-1.847635
-1.779812
-1.725073
-1.684242
-1.647158
-1.614603
-1.589943
-1.566514
-1.544401
-1.527623
-1.511464
-1.495237
-1.483009
-1.471423
-1.459096
-1.449900
-1.441517
-1.432022
-1.424932
-1.418802
-1.411312
-1.405558
-1.400876
-1.394698
-1.389675
-1.385847
-1.380515
-1.375906
-1.372643
-1.368033
-1.363786
-1.361062
-1.357206
-1.353418
-1.351251
-1.348182
-1.344845
-1.343141
-1.340713
-1.337694
-1.336198
-1.334183
-1.331261
-1.329744
-1.327950
-1.325028
-1.323415
-1.321843
-1.319013
-1.317401
-1.316167
-1.313620
-1.312124
-1.311334
-1.309144
-1.307759
-1.307329
-1.305412
-1.303957
-1.303659
-1.301845
-1.300128
-1.299772
-1.297983
-1.295944
-1.295553
-1.293913
-1.291710
-1.291431
-1.290181
-1.288021
-1.287997
-1.287309
-1.285226
-1.285362
-1.285145
-1.282933
-1.282906
-1.282929
-1.280278
-1.279740
-1.279867
-1.276641
-1.275447
-1.275906
-1.272280
-1.270542
-1.271999
-1.268351
-1.266114
-1.269617
-1.266145
-1.262392
-1.270305
-1.266485
-1.249008
-13.920660
-1.263454
-1.276356
-1.264876
-1.265545
-1.270606
-1.265712
-1.264359
-1.267018
-1.263571
-1.261274
-1.262668
-1.260012
-1.257445
-1.258324
-1.256510
-1.254171
-1.254983
-1.254024
-1.252070
-1.252867
-1.252510
-1.250770
-1.251324
-1.251193
-1.249398
-1.249487
-1.249327
-1.247381
-1.246985
-1.246785
-1.244839
-1.244160
-1.244094
-1.242382
-1.241650
-1.241847
-1.240492
-1.239767
-1.240154
-1.239071
-1.238227
-1.238599
-1.237599
-1.236477
-1.236652
-1.235646
-1.234221
-1.234193
-1.233257
-1.231692
-1.231599
-1.230912
-1.229396
-1.229348
-1.229005
-1.227609
-1.227578
-1.227494
-1.226115
-1.225908
-1.225888
-1.224384
-1.223827
-1.223758
-1.222100
-1.221198
-1.221132
-1.219476
-1.218384
-1.218493
-1.217071
-1.215932
-1.216314
-1.215211
-1.214001
-1.214536
-1.213633
-1.212125
-1.212539
-1.211634
-1.209587
-1.209660
-1.208683
-1.206047
-1.205782
-1.204937
-1.201890
-1.201472
-1.201110
-1.197841
-1.197343
-1.197664
-1.194017
-1.192997
-1.193758
-1.188790
-1.185778
-1.185941
-1.176790
-1.166833
-1.161264
-1.129936
-1.051130
-0.281506
-1.406946
-1.304519
-1.257564
-1.243467
-1.237373
-1.224842
-1.219820
-1.218818
-1.212539
-1.209560
-1.210051
-1.206531
-1.204436
-1.205447
-1.203318
-1.201455
-1.202350
-1.200791
-1.198731
-1.199170
-1.197799
-1.195484
-1.195478
-1.194298
-1.191947
-1.191743
-1.190942
-1.188823
-1.188627
-1.188285
-1.186478
-1.186276
-1.186254
-1.184634
-1.184234
-1.184272
-1.182639
-1.181871
-1.181794
-1.180096
-1.178967
-1.178804
-1.177169
-1.175855
-1.175752
-1.174368
-1.173041
-1.173083
-1.172025
-1.170707
-1.170804
-1.169960
-1.168515
-1.168463
-1.167651
-1.165933
-1.165573
-1.164720
-1.162739
-1.162091
-1.161293
-1.159220
-1.158425
-1.157845
-1.155851
-1.155007
-1.154691
-1.152810
-1.151816
-1.151620
-1.149696
-1.148312
-1.147988
-1.145824
-1.143837
-1.143224
-1.140792
-1.138176
-1.137308
-1.134760
-1.131633
-1.130630
-1.128144
-1.124538
-1.123342
-1.120834
-1.116424
-1.114540
-1.111502
-1.105450
-1.101864
-1.097299
-1.088147
-1.081107
-1.073228
-1.058063
-1.043615
-1.027422
-0.996732
-0.958657
-0.906016
-0.789125
-0.512121
1.320407
-2.418250
-1.663048
-1.459919
-1.379269
-1.333728
-1.296718
-1.276457
-1.263012
-1.247216
-1.237704
-1.231764
-1.222482
-1.216172
-1.212718
-1.206229
-1.201190
-1.198845
-1.194050
-1.189860
-1.188300
-1.184879
-1.181468
-1.180556
-1.178261
-1.175454
-1.174915
-1.173352
-1.170847
-1.170313
-1.169098
-1.166621
-1.165855
-1.164778
-1.162282
-1.161286
-1.160386
-1.158031
-1.156978
-1.156391
-1.154358
-1.153374
-1.153144
-1.151468
-1.150514
-1.150496
-1.149037
-1.147932
-1.147902
-1.146487
-1.145099
-1.144924
-1.143533
-1.141889
-1.141622
-1.140390
-1.138677
-1.138456
-1.137548
-1.135915
-1.135805
-1.135253
-1.133690
-1.133570
-1.133235
-1.131588
-1.131231
-1.130922
-1.129065
-1.128336
-1.127999
-1.125970
-1.124923
-1.124682
-1.122700
-1.121504
-1.121546
-1.119803
-1.118542
-1.118898
-1.117399
-1.115910
-1.116353
-1.114886
-1.112826
-1.113016
-1.111334
-1.108371
-1.108073
-1.106135
-1.102145
-1.101341
-1.099347
-1.094270
-1.092935
-1.091015
-1.084232
-1.081504
-1.078797
-1.067173
-1.058335
-1.048206
-1.010845
-0.941808
-0.640142
-1.643863
-1.295505
-1.213468
-1.191215
-1.176113
-1.159218
-1.153725
-1.149198
-1.140311
-1.137060
-1.135091
-1.129257
-1.126854
-1.126198
-1.122289
-1.120504
-1.120698
-1.118111
-1.116663
-1.117224
-1.115383
-1.113895
-1.114379
-1.112834
-1.111075
-1.111251
-1.109852
-1.107868
-1.107813
-1.106672
-1.104710
-1.104629
-1.103907
-1.102169
-1.102168
-1.101886
-1.100380
-1.100357
-1.100336
-1.098899
-1.098658
-1.098670
-1.097161
-1.096578
-1.096534
-1.094982
-1.094128
-1.094116
-1.092701
-1.091755
-1.091923
-1.090813
-1.089896
-1.090276
-1.089481
-1.088548
-1.088983
-1.088365
-1.087251
-1.087542
-1.086956
-1.085559
-1.085614
-1.085062
-1.083476
-1.083381
-1.083038
-1.081468
-1.081393
-1.081431
-1.080031
-1.080014
-1.080448
-1.079196
-1.079079
-1.079730
-1.078448
-1.077979
-1.078643
-1.077213
-1.076265
-1.076924
-1.075468
-1.074151
-1.075038
-1.073906
-1.072474
-1.073910
-1.073469
-1.072061
-1.074178
-1.074602
-1.073014
-1.075676
-1.076972
-1.074704
-1.077761
-1.080376
-1.076980
-1.081254
-1.088529
-1.085515
-1.102312
-1.190400
-0.879626
-1.010642
-1.019324
-1.036399
-1.040180
-1.036919
-1.042059
-1.044119
-1.041424
-1.044185
-1.046231
-1.044262
-1.045898
-1.047798
-1.046101
-1.046736
-1.048191
-1.046458
-1.046190
-1.047160
-1.045417
-1.044556
-1.045273
-1.043779
-1.042720
-1.043461
-1.042435
-1.041425
-1.042275
-1.041704
-1.040725
-1.041525
-1.041196
-1.040074
-1.040594
-1.040289
-1.038913
-1.039059
-1.038742
-1.037206
-1.037086
-1.036896
-1.035413
-1.035210
-1.035299
-1.034033
-1.033833
-1.034195
-1.033132
-1.032836
-1.033297
-1.032294
-1.031724
-1.032103
-1.031045
-1.030129
-1.030366
-1.029314
-1.028155
-1.028368
-1.027513
-1.026304
-1.026628
-1.026122
-1.024964
-1.025402
-1.025217
-1.024037
-1.024406
-1.024374
-1.022987
-1.023069
-1.023044
-1.021376
-1.021087
-1.021105
-1.019291
-1.018766
-1.019047
-1.017352
-1.016770
-1.017525
-1.016124
-1.015500
-1.016706
-1.015532
-1.014585
-1.015981
-1.014777
-1.013068
-1.014354
-1.012938
-1.010110
-1.011237
-1.009802
-1.005688
-1.006999
-1.006206
-1.000401
-1.002446
-1.003514
-0.992862
-0.994911
-1.001827
-1.182427
-1.021005
-1.004931
-1.013934
-1.011292
-1.006235
-1.010597
-1.010366
-1.006701
-1.008837
-1.008844
-1.005467
-1.006151
-1.006125
-1.002990
-1.002902
-1.003054
-1.000444
-1.000130
-1.000673
-0.998743
-0.998425
-0.999311
-0.997930
-0.997511
-0.998452
-0.997329
-0.996586
-0.997308
-0.996218
-0.995076
-0.995503
-0.994468
-0.993078
-0.993348
-0.992547
-0.991156
-0.991450
-0.991029
-0.989782
-0.990129
-0.990056
-0.988898
-0.989147
-0.989225
-0.988000
-0.987962
-0.988021
-0.986649
-0.986270
-0.986307
-0.984896
-0.984297
-0.984441
-0.983195
-0.982549
-0.982926
-0.981966
-0.981327
-0.981899
-0.981184
-0.980430
-0.981007
-0.980368
-0.979329
-0.979728
-0.979079
-0.977711
-0.977904
-0.977337
-0.975781
-0.975913
-0.975646
-0.974129
-0.974346
-0.974526
-0.973145
-0.973405
-0.973979
-0.972607
-0.972661
-0.973406
-0.971830
-0.971388
-0.972148
-0.970287
-0.969256
-0.970135
-0.968226
-0.966774
-0.968160
-0.966643
-0.964999
-0.967348
-0.966650
-0.964723
-0.968336
-0.968708
-0.965722
-0.970967
-0.973117
-0.966738
-0.976986
-0.994745
-0.814395
-0.950070
-0.950663
-0.963974
-0.960085
-0.955794
-0.960061
-0.957966
-0.954069
-0.956196
-0.955239
-0.952131
-0.953617
-0.953641
-0.951342
-0.952557
-0.953207
-0.951411
-0.952220
-0.953031
-0.951351
-0.951546
-0.952183
-0.950442
-0.950034
-0.950475
-0.948779
-0.948006
-0.948444
-0.947044
-0.946199
-0.946807
-0.945837
-0.945041
-0.945786
-0.945174
-0.944323
-0.945004
-0.944539
-0.943467
-0.943880
-0.943420
-0.942085
-0.942210
-0.941796
-0.940349
-0.940319
-0.940120
-0.938761
-0.938726
-0.938849
-0.937689
-0.937654
-0.938026
-0.936987
-0.936797
-0.937226
-0.936160
-0.935640
-0.935983
-0.934835
-0.933980
-0.934254
-0.933156
-0.932111
-0.932472
-0.931638
-0.930579
-0.931133
-0.930668
-0.929628
-0.930295
-0.930115
-0.928941
-0.929484
-0.929404
-0.927898
-0.928118
-0.928050
-0.926200
-0.926090
-0.926188
-0.924206
-0.923960
-0.924528
-0.922706
-0.922482
-0.923741
-0.922195
-0.921879
-0.923775
-0.922310
-0.921425
-0.923693
-0.921948
-0.919781
-0.922270
-0.920044
-0.915706
-0.918887
-0.916448
-0.907432
-0.913395
-0.911827
-0.747276
-0.918480
-0.909842
-0.919050
-0.911629
-0.908395
-0.913365
-0.911067
-0.908920
-0.912491
-0.911841
-0.909988
-0.912457
-0.912264
-0.910239
-0.911626
-0.911432
-0.909163
-0.909699
-0.909527
-0.907271
-0.907364
-0.907452
-0.905532
-0.905522
-0.906007
-0.904539
-0.904499
-0.905263
-0.904113
-0.903880
-0.904649
-0.903584
-0.902985
-0.903556
-0.902472
-0.901503
-0.901883
-0.900886
-0.899734
-0.900083
-0.899366
-0.898246
-0.898684
-0.898345
-0.897316
-0.897803
-0.897736
-0.896700
-0.897036
-0.897057
-0.895869
-0.895900
-0.895904
-0.894550
-0.894293
-0.894341
-0.892989
-0.892585
-0.892844
-0.891689
-0.891285
-0.891830
-0.890947
-0.890515
-0.891245
-0.890529
-0.889890
-0.890588
-0.889886
-0.888885
-0.889415
-0.888698
-0.887362
-0.887779
-0.887236
-0.885759
-0.886250
-0.886141
-0.884735
-0.885413
-0.885855
-0.884533
-0.885268
-0.886150
-0.884695
-0.885158
-0.886266
-0.884444
-0.884348
-0.885663
-0.883493
-0.882846
-0.884806
-0.882728
-0.881859
-0.885479
-0.884397
-0.883849
-0.891312
-0.893400
-0.894916
-0.917231
-0.947653
-1.108374
-0.716810
-0.811428
-0.844797
-0.847098
-0.851962
-0.860748
-0.859777
-0.859729
-0.863940
-0.862614
-0.861048
-0.863363
-0.862241
-0.860281
-0.861834
-0.861280
-0.859521
-0.860842
-0.860933
-0.859500
-0.860643
-0.861134
-0.859834
-0.860598
-0.861141
-0.859745
-0.859963
-0.860367
-0.858840
-0.858575
-0.858908
-0.857438
-0.856932
-0.857381
-0.856197
-0.855661
-0.856321
-0.855498
-0.854953
-0.855723
-0.855142
-0.854449
-0.855108
-0.854581
-0.853602
-0.854011
-0.853483
-0.852249
-0.852442
-0.852022
-0.850714
-0.850855
-0.850709
-0.849515
-0.849692
-0.849886
-0.848832
-0.848974
-0.849379
-0.848346
-0.848267
-0.848686
-0.847544
-0.847102
-0.847453
-0.846225
-0.845470
-0.845848
-0.844733
-0.843845
-0.844424
-0.843627
-0.842747
-0.843588
-0.843167
-0.842225
-0.843168
-0.842971
-0.841748
-0.842525
-0.842376
-0.840691
-0.841138
-0.841062
-0.838963
-0.839177
-0.839472
-0.837251
-0.837492
-0.838601
-0.836556
-0.836966
-0.839222
-0.837370
-0.837697
-0.841256
-0.839269
-0.838766
-0.844114
-0.841567
-0.838834
-0.850024
-0.849358
-0.839446
-0.775848
-0.818657
-0.831772
-0.823096
-0.823791
-0.828054
-0.823390
-0.822382
-0.825286
-0.822713
-0.821645
-0.824223
-0.822999
-0.822026
-0.824284
-0.823748
-0.822613
-0.824288
-0.823922
-0.822426
-0.823397
-0.823016
-0.821228
-0.821673
-0.821405
-0.819621
-0.819836
-0.819891
-0.818376
-0.818561
-0.818996
-0.817788
-0.817905
-0.818547
-0.817494
-0.817353
-0.817957
-0.816885
-0.816361
-0.816806
-0.815700
-0.814858
-0.815214
-0.814237
-0.813279
-0.813703
-0.813039
-0.812122
-0.812676
-0.812354
-0.811466
-0.812030
-0.811912
-0.810914
-0.811284
-0.811200
-0.809981
-0.810052
-0.809971
-0.808590
-0.808427
-0.808478
-0.807140
-0.806915
-0.807259
-0.806135
-0.805925
-0.806590
-0.805681
-0.805375
-0.806190
-0.805351
-0.804731
-0.805487
-0.804587
-0.803526
-0.804147
-0.803254
-0.801844
-0.802475
-0.801861
-0.800340
-0.801201
-0.801149
-0.799675
-0.800820
-0.801413
-0.799861
-0.801045
-0.802125
-0.800145
-0.800951
-0.802372
-0.799619
-0.799744
-0.801808
-0.798273
-0.797787
-0.801951
-0.798231
-0.797837
-0.810468
-0.812291
-0.833458
-0.605909
-0.750941
-0.772703
-0.768463
-0.774824
-0.781313
-0.778524
-0.780619
-0.784813
-0.782904
-0.783311
-0.786129
-0.784439
-0.783699
-0.785478
-0.783901
-0.782503
-0.783682
-0.782451
-0.780911
-0.781919
-0.781259
-0.779892
-0.780908
-0.780794
-0.779609
-0.780517
-0.780693
-0.779492
-0.780053
-0.780254
-0.778881
-0.778989
-0.779117
-0.777635
-0.777390
-0.777572
-0.776186
-0.775815
-0.776207
-0.775112
-0.774735
-0.775358
-0.774552
-0.774119
-0.774816
-0.774148
-0.773485
-0.774050
-0.773380
-0.772404
-0.772757
-0.772105
-0.770896
-0.771133
-0.770656
-0.769426
-0.769690
-0.769547
-0.768425
-0.768748
-0.768932
-0.767876
-0.768114
-0.768458
-0.767316
-0.767260
-0.767590
-0.766271
-0.765833
-0.766151
-0.764753
-0.764045
-0.764503
-0.763274
-0.762480
-0.763260
-0.762385
-0.761572
-0.762661
-0.762116
-0.761108
-0.762269
-0.761851
-0.760342
-0.761281
-0.760847
-0.758642
-0.759265
-0.758968
-0.756160
-0.756667
-0.757012
-0.753871
-0.754586
-0.756274
-0.752894
-0.753887
-0.757786
-0.753512
-0.754034
-0.762710
-0.754109
-0.745927
-0.655641
-0.760493
-0.764115
-0.753294
-0.757635
-0.759936
-0.754093
-0.754785
-0.756190
-0.751908
-0.751349
-0.752505
-0.749418
-0.748580
-0.749909
-0.747936
-0.747181
-0.748714
-0.747575
-0.746820
-0.748282
-0.747546
-0.746542
-0.747627
-0.746976
-0.745609
-0.746230
-0.745621
-0.744032
-0.744349
-0.743951
-0.742407
-0.742655
-0.742631
-0.741321
-0.741581
-0.741903
-0.740793
-0.740947
-0.741417
-0.740340
-0.740194
-0.740608
-0.739450
-0.738936
-0.739247
-0.738080
-0.737318
-0.737646
-0.736663
-0.735841
-0.736323
-0.735661
-0.734873
-0.735496
-0.735127
-0.734293
-0.734882
-0.734642
-0.733600
-0.733965
-0.733731
-0.732424
-0.732517
-0.732330
-0.730884
-0.730823
-0.730867
-0.729498
-0.729441
-0.729860
-0.728696
-0.728641
-0.729385
-0.728351
-0.728106
-0.728968
-0.727878
-0.727195
-0.727978
-0.726754
-0.725547
-0.726277
-0.725090
-0.723513
-0.724428
-0.723642
-0.721931
-0.723281
-0.723193
-0.721381
-0.723151
-0.723803
-0.721515
-0.723325
-0.724565
-0.720993
-0.722247
-0.724150
-0.717925
-0.717757
-0.721804
-0.707335
-0.695392
-0.508730
-0.740836
-0.728949
-0.714443
-0.718471
-0.718330
-0.712098
-0.713987
-0.715259
-0.711689
-0.712913
-0.714739
-0.712455
-0.713103
-0.714879
-0.713077
-0.712985
-0.714342
-0.712639
-0.711852
-0.712772
-0.711204
-0.710018
-0.710753
-0.709556
-0.708335
-0.709125
-0.708449
-0.707363
-0.708232
-0.707995
-0.706962
-0.707717
-0.707675
-0.706516
-0.706938
-0.706895
-0.705534
-0.705585
-0.705538
-0.704100
-0.703921
-0.704027
-0.702729
-0.702504
-0.702881
-0.701850
-0.701622
-0.702224
-0.701402
-0.701046
-0.701680
-0.700911
-0.700258
-0.700755
-0.699952
-0.698978
-0.699320
-0.698580
-0.697427
-0.697752
-0.697260
-0.696118
-0.696547
-0.696425
-0.695364
-0.695852
-0.696027
-0.694938
-0.695279
-0.695566
-0.694278
-0.694277
-0.694552
-0.693036
-0.692663
-0.693013
-0.691452
-0.690871
-0.691525
-0.690193
-0.689578
-0.690701
-0.689740
-0.689044
-0.690552
-0.689853
-0.688764
-0.690355
-0.689675
-0.687771
-0.689180
-0.688442
-0.685460
-0.686735
-0.686337
-0.682240
-0.683858
-0.684862
-0.679433
-0.682306
-0.687631
-0.678661
-0.687152
-0.854623
-0.676091
-0.676181
-0.669957
-0.679794
-0.681036
-0.677211
-0.681432
-0.682691
-0.679506
-0.681348
-0.682212
-0.679189
-0.679623
-0.680227
-0.677501
-0.677268
-0.677960
-0.675817
-0.675436
-0.676430
-0.674972
-0.674597
-0.675803
-0.674843
-0.674333
-0.675461
-0.674690
-0.673847
-0.674663
-0.673910
-0.672710
-0.673201
-0.672527
-0.671160
-0.671502
-0.671099
-0.669807
-0.670165
-0.670141
-0.669024
-0.669394
-0.669659
-0.668628
-0.668837
-0.669185
-0.668088
-0.667967
-0.668257
-0.667051
-0.666593
-0.666853
-0.665669
-0.665031
-0.665410
-0.664452
-0.663800
-0.664386
-0.663740
-0.663090
-0.663802
-0.663387
-0.662591
-0.663230
-0.662873
-0.661785
-0.662181
-0.661825
-0.660446
-0.660629
-0.660394
-0.658911
-0.659039
-0.659145
-0.657770
-0.657958
-0.658514
-0.657296
-0.657455
-0.658344
-0.657136
-0.656984
-0.657964
-0.656562
-0.655839
-0.656791
-0.655178
-0.653856
-0.654938
-0.653425
-0.651708
-0.653312
-0.652380
-0.650442
-0.652957
-0.653006
-0.650626
-0.654206
-0.655509
-0.651591
-0.656389
-0.660096
-0.650838
-0.659897
-0.715855
-0.665996
-0.651917
-0.644879
-0.653528
-0.650905
-0.645719
-0.648878
-0.647680
-0.643583
-0.645211
-0.645010
-0.641979
-0.643165
-0.643793
-0.641655
-0.642599
-0.643679
-0.642039
-0.642548
-0.643631
-0.642103
-0.642003
-0.642827
-0.641277
-0.640632
-0.641244
-0.639821
-0.638913
-0.639528
-0.638463
-0.637560
-0.638315
-0.637703
-0.636867
-0.637688
-0.637394
-0.636497
-0.637174
-0.636977
-0.635867
-0.636227
-0.636021
-0.634701
-0.634765
-0.634629
-0.633267
-0.633205
-0.633300
-0.632100
-0.632034
-0.632431
-0.631457
-0.631358
-0.631946
-0.631083
-0.630778
-0.631355
-0.630464
-0.629819
-0.630263
-0.629328
-0.628370
-0.628743
-0.627925
-0.626836
-0.627294
-0.626789
-0.625726
-0.626342
-0.626218
-0.625172
-0.625819
-0.625941
-0.624738
-0.625169
-0.625354
-0.623832
-0.623875
-0.624073
-0.622275
-0.621973
-0.622383
-0.620559
-0.620120
-0.621039
-0.619468
-0.619009
-0.620582
-0.619330
-0.618639
-0.620717
-0.619540
-0.618048
-0.620302
-0.618847
-0.615758
-0.618002
-0.616138
-0.610251
-0.612721
-0.610623
-0.596818
-0.597844
-0.580331
-0.698282
-0.627869
-0.615101
-0.621170
-0.615642
-0.611295
-0.615432
-0.614071
-0.611419
-0.614465
-0.614409
-0.612237
-0.614228
-0.614439
-0.612214
-0.613174
-0.613303
-0.610982
-0.611191
-0.611344
-0.609187
-0.609058
-0.609472
-0.607760
-0.607584
-0.608348
-0.607119
-0.606914
-0.607856
-0.606924
-0.606502
-0.607350
-0.606483
-0.605698
-0.606294
-0.605428
-0.604328
-0.604728
-0.603997
-0.602792
-0.603165
-0.602751
-0.601635
-0.602080
-0.602028
-0.601025
-0.601455
-0.601628
-0.600606
-0.600821
-0.601029
-0.599865
-0.599743
-0.599915
-0.598635
-0.598234
-0.598457
-0.597245
-0.596737
-0.597166
-0.596210
-0.595701
-0.596376
-0.595701
-0.595129
-0.595905
-0.595373
-0.594556
-0.595212
-0.594678
-0.593487
-0.593921
-0.593400
-0.591911
-0.592209
-0.591914
-0.590345
-0.590696
-0.590856
-0.589392
-0.589847
-0.590517
-0.589103
-0.589457
-0.590456
-0.588846
-0.588723
-0.589810
-0.587770
-0.586882
-0.588049
-0.585635
-0.583946
-0.585586
-0.583193
-0.580815
-0.583685
-0.581889
-0.578484
-0.583770
-0.583221
-0.575915
-0.588032
-0.597546
-0.631206
-0.579784
-0.579871
-0.590145
-0.585229
-0.583292
-0.588051
-0.585570
-0.583021
-0.585513
-0.583766
-0.580964
-0.582334
-0.581211
-0.578631
-0.579605
-0.579231
-0.577166
-0.578067
-0.578361
-0.576760
-0.577510
-0.578146
-0.576735
-0.577104
-0.577727
-0.576274
-0.576126
-0.576593
-0.575102
-0.574545
-0.574958
-0.573625
-0.572915
-0.573459
-0.572484
-0.571799
-0.572528
-0.571925
-0.571244
-0.572010
-0.571622
-0.570785
-0.571373
-0.571024
-0.569921
-0.570234
-0.569896
-0.568600
-0.568707
-0.568511
-0.567226
-0.567291
-0.567395
-0.566276
-0.566365
-0.566776
-0.565815
-0.565823
-0.566383
-0.565436
-0.565165
-0.565689
-0.564652
-0.564012
-0.564444
-0.563379
-0.562462
-0.562925
-0.562048
-0.561046
-0.561703
-0.561195
-0.560212
-0.561070
-0.560933
-0.559868
-0.560721
-0.560776
-0.559399
-0.559972
-0.560061
-0.558230
-0.558408
-0.558597
-0.556435
-0.556349
-0.556981
-0.554804
-0.554697
-0.556176
-0.554245
-0.554128
-0.556691
-0.554929
-0.554343
-0.557992
-0.555928
-0.553668
-0.558666
-0.555455
-0.547928
-0.556822
-0.547075
-0.735328
-0.558134
-0.555774
-0.561575
-0.552525
-0.550074
-0.553309
-0.549045
-0.546877
-0.549450
-0.547385
-0.545725
-0.548088
-0.547309
-0.545937
-0.547940
-0.547734
-0.546289
-0.547656
-0.547547
-0.545831
-0.546511
-0.546378
-0.544506
-0.544714
-0.544718
-0.542988
-0.543028
-0.543365
-0.541979
-0.542007
-0.542674
-0.541614
-0.541547
-0.542334
-0.541417
-0.541067
-0.541741
-0.540805
-0.540090
-0.540568
-0.539647
-0.538669
-0.539065
-0.538337
-0.537306
-0.537771
-0.537380
-0.536431
-0.536985
-0.536918
-0.536002
-0.536499
-0.536590
-0.535559
-0.535799
-0.535895
-0.534670
-0.534590
-0.534690
-0.533371
-0.533081
-0.533334
-0.532129
-0.531793
-0.532339
-0.531399
-0.531058
-0.531867
-0.531150
-0.530668
-0.531544
-0.530881
-0.530042
-0.530782
-0.530073
-0.528799
-0.529373
-0.528734
-0.527172
-0.527745
-0.527474
-0.525866
-0.526632
-0.526968
-0.525424
-0.526365
-0.527317
-0.525659
-0.526439
-0.527801
-0.525641
-0.525793
-0.527429
-0.524470
-0.523643
-0.525922
-0.522181
-0.520223
-0.524640
-0.520542
-0.516812
-0.530336
-0.531415
-0.852317
-0.485846
-0.503994
-0.514524
-0.508334
-0.510630
-0.516049
-0.513227
-0.513736
-0.517499
-0.515732
-0.515172
-0.517667
-0.516176
-0.514797
-0.516330
-0.515034
-0.513261
-0.514281
-0.513406
-0.511686
-0.512588
-0.512299
-0.510863
-0.511751
-0.511959
-0.510729
-0.511444
-0.511858
-0.510621
-0.510946
-0.511313
-0.509945
-0.509817
-0.510101
-0.508694
-0.508271
-0.508612
-0.507392
-0.506886
-0.507433
-0.506544
-0.506052
-0.506781
-0.506178
-0.505602
-0.506321
-0.505835
-0.505020
-0.505545
-0.505053
-0.503950
-0.504239
-0.503795
-0.502528
-0.502706
-0.502478
-0.501256
-0.501462
-0.501572
-0.500492
-0.500716
-0.501115
-0.500101
-0.500170
-0.500665
-0.499563
-0.499287
-0.499724
-0.498479
-0.497815
-0.498228
-0.496982
-0.496077
-0.496645
-0.495645
-0.494684
-0.495540
-0.494933
-0.493930
-0.494999
-0.494708
-0.493447
-0.494447
-0.494246
-0.492421
-0.493059
-0.492846
-0.490321
-0.490540
-0.490520
-0.487437
-0.487429
-0.488124
-0.484720
-0.484648
-0.486659
-0.482798
-0.482215
-0.486066
-0.480173
-0.476003
-0.481981
-0.457495
-0.186101
-0.522154
-0.514760
-0.512796
-0.500284
-0.500306
-0.501760
-0.495575
-0.494523
-0.495692
-0.491497
-0.490014
-0.491139
-0.488343
-0.486965
-0.488310
-0.486684
-0.485558
-0.487046
-0.486211
-0.485140
-0.486463
-0.485962
-0.484683
-0.485563
-0.485116
-0.483546
-0.483968
-0.483580
-0.481906
-0.482061
-0.481919
-0.480398
-0.480511
-0.480739
-0.479503
-0.479611
-0.480131
-0.479100
-0.479058
-0.479643
-0.478641
-0.478276
-0.478750
-0.477691
-0.476979
-0.477336
-0.476328
-0.475419
-0.475799
-0.475030
-0.474115
-0.474632
-0.474207
-0.473336
-0.473934
-0.473779
-0.472846
-0.473336
-0.473268
-0.472126
-0.472335
-0.472258
-0.470892
-0.470812
-0.470806
-0.469371
-0.469151
-0.469393
-0.468107
-0.467884
-0.468481
-0.467425
-0.467152
-0.467997
-0.467059
-0.466511
-0.467372
-0.466365
-0.465316
-0.466019
-0.464905
-0.463323
-0.463929
-0.462927
-0.460995
-0.461732
-0.461195
-0.459121
-0.460152
-0.460298
-0.457989
-0.459128
-0.459848
-0.456737
-0.457329
-0.458253
-0.453154
-0.451947
-0.452536
-0.442510
-0.435271
-0.431736
-0.388554
-0.154832
-0.574669
-0.516771
-0.497338
-0.477955
-0.475982
-0.474400
-0.466966
-0.466655
-0.467549
-0.463613
-0.463597
-0.465235
-0.462828
-0.462586
-0.464176
-0.462352
-0.461566
-0.462736
-0.461108
-0.459823
-0.460607
-0.459229
-0.457735
-0.458396
-0.457479
-0.456094
-0.456835
-0.456464
-0.455290
-0.456073
-0.456105
-0.455014
-0.455622
-0.455795
-0.454597
-0.454848
-0.454999
-0.453663
-0.453565
-0.453735
-0.452414
-0.452139
-0.452484
-0.451388
-0.451109
-0.451719
-0.450935
-0.450652
-0.451444
-0.450873
-0.450451
-0.451210
-0.450696
-0.449995
-0.450581
-0.450075
-0.449101
-0.449553
-0.449181
-0.448117
-0.448579
-0.448530
-0.447566
-0.448142
-0.448492
-0.447662
-0.448272
-0.448919
-0.448098
-0.448535
-0.449289
-0.448345
-0.448445
-0.449241
-0.448197
-0.448023
-0.448999
-0.448114
-0.447873
-0.449297
-0.448876
-0.448761
-0.450794
-0.450995
-0.450982
-0.453556
-0.454329
-0.454205
-0.457152
-0.458481
-0.458105
-0.461516
-0.463867
-0.463629
-0.468397
-0.473426
-0.474963
-0.483980
-0.496912
-0.506522
-0.532890
-0.585177
-0.676743
-1.194545
0.402601
-0.164048
-0.268778
-0.305969
-0.337356
-0.355059
-0.361858
-0.372718
-0.380448
-0.381963
-0.386799
-0.391102
-0.390797
-0.392896
-0.395674
-0.394833
-0.395684
-0.397892
-0.397204
-0.397575
-0.399652
-0.399333
-0.399468
-0.401408
-0.401321
-0.401128
-0.402719
-0.402626
-0.401984
-0.403080
-0.402890
-0.401861
-0.402540
-0.402383
-0.401206
-0.401687
-0.401759
-0.400676
-0.401112
-0.401491
-0.400562
-0.400922
-0.401485
-0.400593
-0.400697
-0.401236
-0.400247
-0.399962
-0.400370
-0.399271
-0.398648
-0.398985
-0.397951
-0.397156
-0.397578
-0.396790
-0.395970
-0.396535
-0.396035
-0.395172
-0.395756
-0.395414
-0.394353
-0.394737
-0.394389
-0.392990
-0.393049
-0.392652
-0.390970
-0.390749
-0.390454
-0.388682
-0.388335
-0.388342
-0.386653
-0.386242
-0.386566
-0.384946
-0.384305
-0.384744
-0.382967
-0.381748
-0.381995
-0.379820
-0.377723
-0.377602
-0.374978
-0.371891
-0.371429
-0.368498
-0.364368
-0.363603
-0.360405
-0.354744
-0.353115
-0.348861
-0.339599
-0.334556
-0.325601
-0.304596
-0.283611
-0.245830
-0.136730
0.242165
-1.635614
-0.727911
-0.584273
-0.520908
-0.497241
-0.477401
-0.459250
-0.452242
-0.444870
-0.435294
-0.431965
-0.428744
-0.422813
-0.421018
-0.419867
-0.415958
-0.414824
-0.414660
-0.411808
-0.410716
-0.410825
-0.408424
-0.407051
-0.407089
-0.404937
-0.403300
-0.403292
-0.401494
-0.399827
-0.399946
-0.398661
-0.397169
-0.397481
-0.396714
-0.395373
-0.395744
-0.395298
-0.393945
-0.394136
-0.393785
-0.392268
-0.392145
-0.391805
-0.390161
-0.389782
-0.389543
-0.387965
-0.387497
-0.387512
-0.386163
-0.385703
-0.385998
-0.384889
-0.384362
-0.384778
-0.383772
-0.383006
-0.383337
-0.382289
-0.381169
-0.381322
-0.380259
-0.378857
-0.378915
-0.378009
-0.376508
-0.376623
-0.376036
-0.374564
-0.374750
-0.374490
-0.372982
-0.373055
-0.372935
-0.371195
-0.370882
-0.370705
-0.368565
-0.367715
-0.367437
-0.364967
-0.363623
-0.363412
-0.360840
-0.359130
-0.359172
-0.356635
-0.354488
-0.354683
-0.351974
-0.348826
-0.348605
-0.345021
-0.339662
-0.337864
-0.332026
-0.322043
-0.316156
-0.304482
-0.282377
-0.261520
-0.222089
-0.121761
0.162699
-3.000426
-0.768771
-0.579324
-0.507446
-0.480991
-0.458392
-0.440779
-0.434947
-0.427510
-0.419139
-0.417236
-0.414108
-0.408747
-0.407658
-0.406015
-0.401793
-0.400627
-0.399556
-0.395963
-0.394655
-0.394019
-0.391082
-0.389854
-0.389740
-0.387549
-0.386534
-0.386880
-0.385338
-0.384423
-0.384979
-0.383810
-0.382770
-0.383238
-0.382200
-0.380892
-0.381136
-0.380190
-0.378697
-0.378804
-0.378094
-0.376626
-0.376757
-0.376424
-0.375140
-0.375354
-0.375393
-0.374266
-0.374439
-0.374667
-0.373548
-0.373481
-0.373722
-0.372503
-0.372109
-0.372321
-0.371066
-0.370441
-0.370732
-0.369640
-0.368960
-0.369472
-0.368698
-0.368045
-0.368768
-0.368285
-0.367556
-0.368314
-0.367965
-0.366987
-0.367559
-0.367223
-0.365895
-0.366223
-0.365949
-0.364402
-0.364609
-0.364634
-0.363104
-0.363357
-0.363865
-0.362497
-0.362793
-0.363780
-0.362469
-0.362545
-0.363776
-0.362262
-0.361723
-0.362963
-0.361054
-0.359638
-0.360916
-0.358739
-0.356423
-0.358135
-0.356119
-0.352853
-0.355598
-0.354182
-0.348926
-0.353130
-0.352027
-0.336248
-0.334933
14.875107
-0.410332
-0.378699
-0.370610
-0.376803
-0.372351
-0.368653
-0.372239
-0.370301
-0.367060
-0.369029
-0.367897
-0.364922
-0.366093
-0.365663
-0.363230
-0.364194
-0.364534
-0.362797
-0.363757
-0.364714
-0.363515
-0.364338
-0.365557
-0.364584
-0.365033
-0.366187
-0.365244
-0.365247
-0.366260
-0.365393
-0.365112
-0.366129
-0.365552
-0.365254
-0.366452
-0.366329
-0.366153
-0.367557
-0.367863
-0.367759
-0.369198
-0.369756
-0.369570
-0.370854
-0.371515
-0.371190
-0.372270
-0.373054
-0.372716
-0.373723
-0.374799
-0.374677
-0.375786
-0.377308
-0.377539
-0.378817
-0.380765
-0.381345
-0.382681
-0.384919
-0.385723
-0.386981
-0.389370
-0.390378
-0.391557
-0.394150
-0.395519
-0.396834
-0.399854
-0.401903
-0.403647
-0.407340
-0.410346
-0.412727
-0.417208
-0.421296
-0.424375
-0.429637
-0.434877
-0.438744
-0.444892
-0.451562
-0.456624
-0.464169
-0.473099
-0.480386
-0.490501
-0.503299
-0.514682
-0.529503
-0.548961
-0.567816
-0.591385
-0.623196
-0.657016
-0.699488
-0.759431
-0.832067
-0.931350
-1.088861
-1.334903
-1.800673
-3.105070
-19.790825
3.605763
1.487615
0.860026
0.552211
0.381745
0.268642
0.183092
0.124829
0.079896
0.039502
0.009854
-0.013955
-0.037913
-0.056320
-0.070888
-0.086766
-0.099409
-0.108900
-0.119913
-0.129056
-0.135392
-0.143199
-0.150140
-0.154554
-0.160339
-0.165997
-0.169407
-0.173979
-0.178972
-0.181925
-0.185718
-0.190282
-0.192944
-0.196072
-0.200175
-0.202518
-0.204950
-0.208525
-0.210551
-0.212371
-0.215487
-0.217361
-0.218806
-0.221694
-0.223672
-0.225030
-0.227899
-0.230170
-0.231609
-0.234497
-0.237072
-0.238564
-0.241381
-0.244132
-0.245603
-0.248236
-0.251096
-0.252578
-0.255078
-0.258174
-0.259881
-0.262482
-0.266053
-0.268302
-0.271263
-0.275543
-0.278571
-0.282046
-0.287112
-0.291004
-0.295009
-0.300852
-0.305671
-0.310277
-0.317004
-0.323020
-0.328584
-0.336644
-0.344518
-0.351798
-0.362037
-0.372832
-0.382972
-0.396623
-0.411802
-0.426399
-0.445192
-0.466960
-0.488561
-0.515588
-0.548116
-0.582043
-0.624263
-0.677441
-0.737131
-0.813441
-0.915810
-1.044135
-1.222780
-1.494597
-1.919098
-2.708441
-4.718794
-18.655687
9.290737
3.705735
2.302819
1.660454
1.304620
1.071727
0.904828
0.788272
0.698167
0.623547
0.567793
0.522350
0.481439
0.450155
0.424535
0.399871
0.380791
0.365595
0.349911
0.337600
0.328368
0.318119
0.309912
0.304426
0.297870
0.292520
0.289774
0.286136
0.283141
0.282676
0.281584
0.280675
0.282171
0.283274
0.284159
0.287236
0.290159
0.292508
0.296825
0.301252
0.304871
0.310286
0.316133
0.321091
0.327704
0.335131
0.341678
0.349752
0.358991
0.367417
0.377169
0.388395
0.398863
0.410406
0.423683
0.436287
0.449731
0.465154
0.480138
0.495774
0.513699
0.531542
0.549956
0.571051
0.592548
0.614645
0.639787
0.665942
0.692754
0.722994
0.754948
0.787684
0.824292
0.863490
0.903813
0.948613
0.997255
1.047770
1.103778
1.165494
1.230487
1.302681
1.383370
1.469885
1.566442
1.675940
1.795780
1.930867
2.086629
2.261486
2.462257
2.699319
2.975052
3.302266
3.704026
4.197838
4.820890
5.644077
6.764794
8.378222
10.929143
15.520609
26.209482
79.643181
-81.268120
-27.413219
-16.684425
-12.094711
-9.537093
-7.916728
-6.799499
-5.975020
-5.348154
-4.857347
-4.456518
-4.127496
-3.855053
-3.620638
-3.419789
-3.248599
-3.096674
-2.962615
-2.846522
-2.741403
-2.646480
-2.563490
-2.487375
-2.417254
-2.355612
-2.298748
-2.245478
-2.198590
-2.155418
-2.114401
-2.078395
-2.045563
-2.013996
-1.986417
-1.961718
-1.937672
-1.916763
-1.898531
-1.880523
-1.864923
-1.851866
-1.838811
-1.827560
-1.818822
-1.810050
-1.802643
-1.797800
-1.793033
-1.789311
-1.788239
-1.787460
-1.787439
-1.790113
-1.793313
-1.796985
-1.803353
-1.810501
-1.817875
-1.827919
-1.839058
-1.850314
-1.864231
-1.879719
-1.895340
-1.913741
-1.934307
-1.955218
-1.979077
-2.005843
-2.033288
-2.063897
-2.098254
-2.133791
-2.172797
-2.216559
-2.262281
-2.311992
-2.367831
-2.426940
-2.491077
-2.563365
-2.641137
-2.725900
-2.822056
-2.927446
-3.043453
-3.176267
-3.324909
-3.491164
-3.684179
-3.905880
-4.160185
-4.462530
-4.822749
-5.253605
-5.788817
-6.466304
-7.340835
-8.530107
-10.235278
-12.859008
-17.459911
-27.600470
-68.042259
135.237320
33.314140
18.790340
12.986735
9.873837
7.922369
6.586467
5.621761
4.885089
4.304539
3.841175
3.457649
3.134216
2.863112
2.628988
2.423285
2.245838
2.088779
1.946771
1.821823
1.709575
1.605718
1.512865
1.428669
1.349239
1.277179
1.211466
1.148509
1.090601
1.037737
0.986499
0.938770
0.895281
0.852826
0.812770
0.776402
0.740709
0.706537
0.675561
0.645053
0.615314
0.588309
0.561672
0.535163
0.511009
0.487235
0.463114
0.441059
0.419493
0.397288
0.376863
0.357120
0.336509
0.317371
0.299088
0.279725
0.261467
0.244155
0.225566
0.207628
0.190704
0.172328
0.154128
0.136999
0.118352
0.099431
0.081669
0.062383
0.042401
0.023604
0.003339
-0.018133
-0.038484
-0.060345
-0.084071
-0.106946
-0.131461
-0.158731
-0.185687
-0.214514
-0.247183
-0.280355
-0.315818
-0.356572
-0.399111
-0.444714
-0.497695
-0.554711
-0.616683
-0.689680
-0.771205
-0.862160
-0.971822
-1.100355
-1.250450
-1.438893
-1.675210
-1.973764
-2.380791
-2.958001
-3.823530
-5.309503
-8.425364
-18.945250
97.960175
14.235726
7.822083
5.463923
4.245872
3.490419
2.980128
2.618121
2.339777
2.121573
1.951024
1.808182
1.687727
1.589396
1.503331
1.427099
1.363416
1.306189
1.253456
1.208758
1.168060
1.129319
1.096083
1.065886
1.036306
1.010760
0.987822
0.964870
0.944893
0.927326
0.909331
0.893470
0.879833
0.865562
0.852690
0.841904
0.830369
0.819635
0.810885
0.801438
0.792277
0.785143
0.777449
0.769735
0.764011
0.757970
0.751654
0.747215
0.742715
0.737613
0.734281
0.731054
0.726961
0.724374
0.722113
0.718748
0.716653
0.715136
0.712359
0.710662
0.709848
0.707783
0.706549
0.706503
0.705252
0.704599
0.705388
0.704954
0.704776
0.706260
0.706522
0.706614
0.708436
0.709174
0.709281
0.711256
0.712339
0.712389
0.714457
0.716026
0.716158
0.718407
0.720614
0.720906
0.723300
0.726076
0.726323
0.728533
0.731407
0.730939
0.731866
0.733968
0.731487
0.729432
0.729014
0.722083
0.713429
0.706251
0.687721
0.659754
0.625726
0.552581
0.395481
-0.043172
-645.936157
1.841844
1.363871
1.218737
1.158092
1.116551
1.095117
1.088006
1.079993
1.076968
1.081082
1.082930
1.086138
1.094312
1.100746
1.107112
1.117617
1.127053
1.135929
1.148364
1.160462
1.171716
1.186097
1.200707
1.214263
1.230494
1.247384
1.263078
1.280983
1.299898
1.317596
1.337145
1.357989
1.377777
1.399109
1.422168
1.444387
1.467972
1.493629
1.518771
1.545097
1.573791
1.602276
1.631723
1.663755
1.695891
1.728824
1.764471
1.800634
1.837446
1.877206
1.917945
1.959378
2.003979
2.050224
2.097350
2.147970
2.200904
2.255012
2.312931
2.374011
2.436608
2.503334
2.574089
2.646988
2.724444
2.807010
2.892497
2.983333
3.080659
3.182265
3.290329
3.406787
3.529469
3.660398
3.802296
3.953196
4.114906
4.291322
4.480891
4.685350
4.909964
5.154195
5.420054
5.714993
6.040427
6.399687
6.803571
7.257853
7.769500
8.356484
9.034010
9.819552
10.749329
11.864742
13.219087
14.908606
17.074778
19.936520
23.909258
29.797863
39.391495
57.837502
107.906433
753.386292
-152.987076
-69.833267
-45.396332
-33.711376
-26.873980
-22.378193
-19.195898
-16.833263
-15.004402
-13.544860
-12.359701
-11.374483
-10.540076
-9.829546
-9.215227
-8.675590
-8.202475
-7.783171
-7.405831
-7.068213
-6.764102
-6.485654
-6.232678
-6.002397
-5.788749
-5.592173
-5.411810
-5.242711
-5.085401
-4.940099
-4.802683
-4.673445
-4.553525
-4.439321
-4.330824
-4.229702
-4.132971
-4.040283
-3.953580
-3.870434
-3.790033
-3.714551
-3.642053
-3.571281
-3.504460
-3.440283
-3.376920
-3.316668
-3.258651
-3.200818
-3.145303
-3.091795
-3.037844
-2.985623
-2.935155
-2.884016
-2.833881
-2.785328
-2.735856
-2.686696
-2.638998
-2.590007
-2.540540
-2.492164
-2.442191
-2.390877
-2.340117
-2.287340
-2.232123
-2.176898
-2.119119
-2.057738
-1.995444
-1.929976
-1.859603
-1.786966
-1.710215
-1.626668
-1.538861
-1.445243
-1.341884
-1.231226
-1.111626
-0.977869
-0.831437
-0.670514
-0.487883
-0.282869
-0.052976
0.213063
0.520315
0.875132
1.297696
1.805325
2.419241
3.187618
4.172037
5.464979
7.253736
9.883243
14.089206
21.924252
41.561909
178.541351
-96.420784
-41.198753
-27.424959
-21.184000
-17.643497
-15.359784
-13.770792
-12.612778
-11.728696
-11.034300
-10.483156
-10.033121
-9.659812
-9.352502
-9.094110
-8.873926
-8.690331
-8.534915
-8.401236
-8.290484
-8.198234
-8.119427
-8.056324
-8.006515
-7.965827
-7.936509
-7.917799
-7.905775
-7.902515
-7.908350
-7.919750
-7.938284
-7.965085
-7.996975
-8.035030
-8.080890
-8.131759
-8.188183
-8.252223
-8.321361
-8.395761
-8.477687
-8.565143
-8.657824
-8.758268
-8.864856
-8.976930
-9.097213
-9.224620
-9.358169
-9.500591
-9.651427
-9.809282
-9.976979
-10.154607
-10.340581
-10.537579
-10.746268
-10.965137
-11.196581
-11.442099
-11.700049
-11.972888
-12.262841
-12.568506
-12.892120
-13.237018
-13.602151
-13.989768
-14.404170
-14.844975
-15.314673
-15.818760
-16.358120
-16.935623
-17.558317
-18.229046
-18.951694
-19.736135
-20.587791
-21.513443
-22.526583
-23.638334
-24.860043
-26.212923
-27.717722
-29.396458
-31.285215
-33.425274
-35.863251
-38.669609
-41.935154
-45.772427
-50.349457
-55.903839
-62.770363
-71.479523
-82.888916
-98.457001
-120.959824
-156.357086
-220.085007
-368.753723
-1110.621460
1124.068359
376.250488
227.109100
163.259460
127.814552
105.291206
89.719513
78.312073
69.608582
62.752544
57.210934
52.647755
48.827732
45.580879
42.793831
40.378391
38.262444
36.398529
34.747532
33.272709
31.950752
30.762836
29.687281
28.711487
27.825947
27.016899
26.276438
25.600277
24.978920
24.407051
23.882797
23.399702
22.953655
22.544500
22.167536
21.819515
21.500954
21.208597
20.939409
20.694639
20.472004
20.268549
20.085598
19.922041
19.775034
19.645931
19.534445
19.437643
19.357067
19.293119
19.243040
19.208050
19.189386
19.184364
19.194193
19.220461
19.260818
19.316151
19.388731
19.476372
19.579826
19.701677
19.840595
19.996675
20.173306
20.369865
20.586143
20.826130
21.090097
21.377848
21.694143
22.040245
22.416267
22.827744
23.277344
23.766083
24.300615
24.885990
25.524292
26.224327
26.994692
27.840231
28.773478
29.808805
30.956921
32.237549
33.676090
35.295444
37.131062
39.231449
41.648842
44.457905
47.765018
51.704002
56.468559
62.352932
69.787727
79.464874
92.584572
111.350403
140.365219
191.182281
302.993988
749.562073
-1495.900391
-369.421356
-209.144241
-145.110001
-110.668549
-89.153328
-74.449303
-63.772270
-55.662613
-49.298943
-44.178524
-39.964542
-36.438557
-33.449986
-30.880613
-28.649164
-26.697453
-24.973154
-23.438416
-22.067909
-20.834272
-19.717113
-18.704454
-17.780603
-16.932915
-16.155821
-15.439746
-14.775831
-14.161554
-13.591090
-13.057698
-12.560497
-12.095970
-11.658553
-11.248255
-10.863133
-10.498488
-10.154486
-9.830410
-9.522289
-9.230062
-8.954020
-8.690417
-8.439216
-8.201235
-7.973254
-7.754808
-7.547410
-7.348107
-7.156251
-6.973509
-6.797656
-6.627556
-6.465113
-6.308708
-6.156662
-6.011252
-5.871050
-5.734223
-5.602917
-5.476213
-5.352041
-5.232286
-5.116849
-5.002873
-4.892434
-4.785772
-4.680000
-4.576859
-4.477059
-4.377780
-4.280122
-4.185575
-4.091108
-3.997354
-3.906265
-3.814882
-3.723219
-3.633509
-3.542918
-3.450472
-3.359407
-3.266276
-3.169533
-3.072568
-2.972261
-2.865508
-2.756058
-2.640763
-2.514624
-2.380945
-2.236225
-2.071771
-1.888697
-1.681106
-1.431520
-1.132146
-0.762148
-0.272409
0.403067
1.400167
3.091046
6.588398
18.332657
-111.997559
-18.566273
-11.391454
-8.741411
-7.355278
-6.485061
-5.892509
-5.461657
-5.124557
-4.856804
-4.641173
-4.455933
-4.297717
-4.163968
-4.043729
-3.936287
-3.842801
-3.756769
-3.677182
-3.606948
-3.540778
-3.478352
-3.422333
-3.369182
-3.317802
-3.271357
-3.227108
-3.183597
-3.144001
-3.106419
-3.068883
-3.034670
-3.002346
-2.969949
-2.939990
-2.911863
-2.883488
-2.856935
-2.832300
-2.807174
-2.783211
-2.761230
-2.738559
-2.716716
-2.696884
-2.676362
-2.656353
-2.638332
-2.619936
-2.601674
-2.585358
-2.568937
-2.552201
-2.537608
-2.522993
-2.507780
-2.494377
-2.481212
-2.467180
-2.454777
-2.442770
-2.429702
-2.417970
-2.406994
-2.394789
-2.383777
-2.373743
-2.362568
-2.352223
-2.343254
-2.333021
-2.323429
-2.315415
-2.306048
-2.296871
-2.289479
-2.280645
-2.271420
-2.264156
-2.255497
-2.245957
-2.238407
-2.229704
-2.219449
-2.211338
-2.202416
-2.191166
-2.182040
-2.172283
-2.159039
-2.147627
-2.135280
-2.117787
-2.100366
-2.081439
-2.053279
-2.021406
-1.983870
-1.925497
-1.847579
-1.738651
-1.540828
-1.149770
-0.012095
1486.961670
-4.663573
-3.479252
-3.099169
-2.913690
-2.794738
-2.722113
-2.674826
-2.635069
-2.608251
-2.591434
-2.574594
-2.563331
-2.557898
-2.551365
-2.547324
-2.547664
-2.546667
-2.546607
-2.550364
-2.553137
-2.556129
-2.562464
-2.568363
-2.574065
-2.582773
-2.591639
-2.599975
-2.611114
-2.622629
-2.633504
-2.646795
-2.660836
-2.674010
-2.689288
-2.705613
-2.721081
-2.738369
-2.757077
-2.775070
-2.794646
-2.816048
-2.836951
-2.859257
-2.883803
-2.908087
-2.933689
-2.961731
-2.989759
-3.018969
-3.050830
-3.083055
-3.116218
-3.152278
-3.189137
-3.226907
-3.267899
-3.310223
-3.353635
-3.400559
-3.449613
-3.499972
-3.554316
-3.611601
-3.670561
-3.733963
-3.801299
-3.870859
-3.945438
-4.025117
-4.107842
-4.196449
-4.291681
-4.391365
-4.498264
-4.613998
-4.736267
-4.867855
-5.011457
-5.164944
-5.331038
-5.513813
-5.711688
-5.927572
-6.167563
-6.431221
-6.722524
-7.050654
-7.418223
-7.831884
-8.307289
-8.854074
-9.487379
-10.237732
-11.135914
-12.225154
-13.585538
-15.327408
-17.626364
-20.820650
-25.552549
-33.256054
-48.073948
-88.282303
-606.152832
121.237381
54.442619
34.805897
25.417253
19.922251
16.303928
13.742885
11.840961
10.365486
9.187901
8.231750
7.434625
6.759267
6.184671
5.685965
5.247576
4.863571
4.521609
4.213216
3.937464
3.687803
3.458213
3.249840
3.058993
2.880946
2.717379
2.566487
2.424082
2.291892
2.169338
2.052550
1.943064
1.841097
1.743169
1.650382
1.563666
1.479810
1.399521
1.324277
1.251201
1.180582
1.114246
1.049676
0.986743
0.927532
0.869910
0.813223
0.759736
0.707756
0.656117
0.607120
0.559553
0.511837
0.466236
0.422012
0.377283
0.334162
0.292501
0.250062
0.208839
0.169171
0.128624
0.088897
0.050820
0.011827
-0.026782
-0.063707
-0.101622
-0.139714
-0.176113
-0.213591
-0.251828
-0.288512
-0.326273
-0.365404
-0.403073
-0.441729
-0.482399
-0.521729
-0.561945
-0.604746
-0.646601
-0.689208
-0.735308
-0.781126
-0.827817
-0.879361
-0.931914
-0.986006
-1.047137
-1.111743
-1.179693
-1.258765
-1.346602
-1.442950
-1.560415
-1.701679
-1.870818
-2.098738
-2.419120
-2.898036
-3.772062
-5.919703
-20.548258
8.746245
2.829068
1.308660
0.602498
0.191267
-0.095635
-0.307225
-0.468297
-0.606215
-0.724785
-0.824893
-0.918515
-1.005908
-1.083976
-1.159991
-1.234384
-1.303172
-1.371293
-1.439850
-1.504704
-1.569424
-1.635606
-1.699471
-1.763360
-1.829471
-1.894339
-1.959417
-2.027254
-2.094814
-2.162725
-2.233745
-2.305345
-2.377405
-2.452808
-2.529474
-2.606744
-2.687492
-2.770149
-2.853642
-2.940752
-3.030489
-3.121432
-3.216201
-3.314458
-3.414423
-3.518579
-3.627133
-3.738048
-3.853649
-3.974557
-4.098682
-4.227981
-4.363611
-4.503472
-4.649095
-4.802249
-4.960871
-5.126187
-5.300424
-5.481847
-5.671264
-5.871460
-6.081059
-6.300519
-6.533171
-6.778090
-7.035485
-7.309202
-7.598987
-7.904854
-8.231218
-8.578669
-8.947405
-9.342446
-9.765908
-10.218112
-10.705426
-11.231695
-11.798478
-12.413710
-13.084479
-13.814292
-14.614317
-15.496472
-16.469130
-17.549204
-18.758097
-20.114027
-21.647226
-23.398499
-25.410801
-27.747282
-30.498819
-33.777493
-37.748791
-42.666782
-48.902592
-57.059967
-68.202957
-84.311096
-109.627632
-155.228470
-261.620148
-792.264404
806.814758
271.541687
164.778793
119.083565
93.730293
77.606194
66.461456
58.306328
52.076675
47.170128
43.212318
39.948910
37.216526
34.901226
32.911350
31.185635
29.680328
28.353144
27.175962
26.129587
25.191698
24.346951
23.586679
22.897673
22.270426
21.701302
21.182079
20.706131
20.272167
19.875219
19.509903
19.176296
18.871380
18.590590
18.334518
18.101692
17.887825
17.693890
17.519342
17.360416
17.217951
17.092316
16.980108
16.882013
16.798944
16.728041
16.669683
16.625406
16.592606
16.571440
16.563923
16.567894
16.582903
16.611408
16.651817
16.703356
16.768660
16.846619
16.936255
17.040483
17.158783
17.289961
17.436995
17.600281
17.778463
17.974731
18.190306
18.423838
18.678707
18.957100
19.257862
19.584618
19.940874
20.325987
20.744013
21.200005
21.694578
22.232498
22.821383
23.463749
24.166348
24.940365
25.791945
26.731668
27.776863
28.941114
30.242653
31.710867
33.374977
35.271137
37.456318
39.996357
42.977306
46.529778
50.829784
56.127708
62.822739
71.544411
83.350418
100.236794
126.362801
172.086533
272.676575
674.475403
-1346.610962
-332.372711
-188.147278
-130.511581
-99.499863
-80.142647
-66.906311
-57.285950
-49.988159
-44.258923
-39.641228
-35.847927
-32.673424
-29.976553
-27.662878
-25.654711
-23.893074
-22.340063
-20.960005
-19.722927
-18.611641
-17.607943
-16.693882
-15.861298
-15.100288
-14.399097
-13.753329
-13.157769
-12.604070
-12.089579
-11.612039
-11.164843
-10.746382
-10.355935
-9.988355
-9.642307
-9.318104
-9.011645
-8.721465
-8.448698
-8.189983
-7.943789
-7.711615
-7.490889
-7.279815
-7.080257
-6.890231
-6.707863
-6.535062
-6.370515
-6.212077
-6.061692
-5.918650
-5.780601
-5.649302
-5.524632
-5.404110
-5.289207
-5.180364
-5.074986
-4.974238
-4.879171
-4.787098
-4.698837
-4.616004
-4.535996
-4.459192
-4.387721
-4.319099
-4.253270
-4.192751
-4.135317
-4.080398
-4.030825
-3.984768
-3.940972
-3.902705
-3.868528
-3.836626
-3.810642
-3.789825
-3.771738
-3.760325
-3.755837
-3.755381
-3.763292
-3.781140
-3.805748
-3.842104
-3.893922
-3.958230
-4.041416
-4.151271
-4.287226
-4.460052
-4.687885
-4.981421
-5.371163
-5.917006
-6.700541
-7.906935
-10.008839
-14.434435
-29.508217
138.868240
18.240986
9.062529
5.718780
3.997300
2.946580
2.252689
1.762714
1.394083
1.115231
0.898743
0.721415
0.579085
0.464625
0.366377
0.285054
0.219217
0.161212
0.112305
0.073323
0.038536
0.008846
-0.013892
-0.034273
-0.051949
-0.064467
-0.075526
-0.085449
-0.091395
-0.096246
-0.100893
-0.102398
-0.102877
-0.103688
-0.101926
-0.099067
-0.096869
-0.092555
-0.087065
-0.082352
-0.076115
-0.068531
-0.061979
-0.054347
-0.045324
-0.037415
-0.028836
-0.018884
-0.009942
-0.000731
0.009973
0.019812
0.029638
0.041094
0.051886
0.062366
0.074571
0.086313
0.097481
0.110285
0.122852
0.134507
0.147682
0.160847
0.172792
0.186126
0.199709
0.211865
0.225313
0.239385
0.251912
0.265581
0.280282
0.293425
0.307448
0.322908
0.336752
0.351085
0.367190
0.381576
0.395971
0.412418
0.427121
0.441278
0.457799
0.472689
0.486440
0.502954
0.518121
0.531448
0.547996
0.563632
0.576294
0.592559
0.608258
0.619090
0.633277
0.646948
0.651173
0.656034
0.656908
0.628518
0.563974
0.351280
-305.241150
1.411795
1.158668
1.104465
1.086515
1.077256
1.086194
1.099729
1.110756
1.129464
1.151039
1.169571
1.192648
1.218568
1.241803
1.267899
1.296834
1.323608
1.352089
1.383389
1.412958
1.443537
1.476938
1.509103
1.541862
1.577514
1.612533
1.647880
1.686242
1.724594
1.763155
1.804714
1.846834
1.889054
1.934228
1.980450
2.026682
2.075779
2.126360
2.176986
2.230395
2.285800
2.341453
2.399885
2.460896
2.522498
2.586977
2.654672
2.723430
2.795178
2.870796
2.947997
3.028362
3.113232
3.200290
3.290770
3.386456
3.485166
3.587709
3.696288
3.809025
3.926262
4.050702
4.180745
4.316354
4.460635
4.612406
4.771281
4.940619
5.119860
5.308336
5.509714
5.724281
5.951056
6.194207
6.455071
6.732752
7.031969
7.355619
7.703221
8.080531
8.492568
8.940139
9.430686
9.972750
10.569934
11.233181
11.977345
12.812325
13.756961
14.839464
16.085392
17.534864
19.249691
21.301142
23.798023
26.913691
30.899950
36.174461
43.502167
54.350685
72.039406
106.070465
198.383484
1387.043213
-283.014648
-129.512512
-84.421585
-62.878422
-50.263264
-41.970642
-36.110783
-31.755081
-28.383675
-25.700804
-23.519939
-21.706802
-20.178074
-18.876083
-17.749744
-16.766787
-15.905735
-15.141975
-14.459849
-13.851234
-13.301879
-12.803179
-12.352027
-11.940342
-11.561641
-11.215874
-10.897738
-10.602409
-10.330731
-10.079576
-9.844906
-9.627884
-9.426688
-9.237848
-9.062341
-8.899706
-8.746326
-8.603388
-8.470983
-8.345942
-8.229114
-8.121152
-8.019233
-7.923861
-7.836329
-7.753944
-7.676909
-7.606986
-7.541801
-7.481048
-7.426816
-7.377186
-7.331302
-7.291506
-7.256144
-7.224147
-7.197779
-7.176026
-7.157311
-7.143953
-7.135537
-7.130171
-7.130149
-7.135481
-7.144218
-7.158521
-7.179051
-7.203448
-7.233821
-7.271557
-7.314088
-7.363320
-7.421270
-7.485479
-7.557414
-7.640118
-7.731275
-7.832125
-7.946590
-8.073076
-8.212797
-8.370925
-8.546791
-8.741873
-8.963438
-9.212644
-9.492082
-9.812349
-10.178672
-10.596951
-11.084836
-11.657263
-12.330636
-13.141594
-14.133484
-15.362613
-16.934563
-19.013601
-21.870258
-26.055084
-32.770084
-45.232903
-76.388992
-293.728424
142.639084
54.829826
32.946480
23.003580
17.323189
13.660703
11.095698
9.198596
7.745968
6.593785
5.655150
4.881958
4.231286
3.673245
3.194495
2.777524
2.408255
2.082841
1.793445
1.530973
1.295222
1.082334
0.885785
0.706368
0.542606
0.389214
0.247237
0.116568
-0.007180
-0.123167
-0.230524
-0.333035
-0.430248
-0.520566
-0.607294
-0.690508
-0.768160
-0.843090
-0.915754
-0.983993
-1.050065
-1.114938
-1.176325
-1.235901
-1.295068
-1.351458
-1.406274
-1.461193
-1.513962
-1.565241
-1.616983
-1.667116
-1.715731
-1.765162
-1.813519
-1.860429
-1.908406
-1.955932
-2.002142
-2.049637
-2.097338
-2.143881
-2.191907
-2.240761
-2.288656
-2.338064
-2.388924
-2.438990
-2.490669
-2.544422
-2.597736
-2.652683
-2.710549
-2.768455
-2.828356
-2.892103
-2.956832
-3.024041
-3.096438
-3.171129
-3.249176
-3.334183
-3.423434
-3.517534
-3.621171
-3.732207
-3.850855
-3.983455
-4.129157
-4.288301
-4.470072
-4.676745
-4.910572
-5.187179
-5.517535
-5.913547
-6.411567
-7.057606
-7.919454
-9.155813
-11.089975
-14.527296
-22.507774
-62.242397
57.299706
17.220383
9.215667
5.755544
3.815493
2.575777
1.700823
1.046442
0.542326
0.133217
-0.208421
-0.493894
-0.741968
-0.962603
-1.156119
-1.331374
-1.494119
-1.641874
-1.779413
-1.911153
-2.034017
-2.150507
-2.264571
-2.373241
-2.477566
-2.581268
-2.681805
-2.779222
-2.877104
-2.973430
-3.067521
-3.162809
-3.257865
-3.351469
-3.446810
-3.543042
-3.638535
-3.736140
-3.835605
-3.934926
-4.036671
-4.141058
-4.245910
-4.353412
-4.464297
-4.576317
-4.691255
-4.810359
-4.931454
-5.055835
-5.185296
-5.317746
-5.454133
-5.596590
-5.743249
-5.894565
-6.053092
-6.217243
-6.387045
-6.565326
-6.750903
-6.943416
-7.145992
-7.357985
-7.578705
-7.811567
-8.056623
-8.313016
-8.584481
-8.871815
-9.174220
-9.495703
-9.838235
-10.201057
-10.588694
-11.004594
-11.448554
-11.925756
-12.441686
-12.997388
-13.599607
-14.256888
-14.972844
-15.757150
-16.623590
-17.581287
-18.645672
-19.841049
-21.187809
-22.716166
-24.471888
-26.504345
-28.882299
-31.710629
-35.124695
-39.321865
-44.619286
-51.507843
-60.819244
-74.127487
-94.698242
-130.670166
-209.780594
-525.643738
1063.716919
265.871094
152.434998
107.087082
82.681694
67.441551
57.011536
49.427975
43.672096
39.147888
35.499302
32.500259
29.986837
27.849638
26.015261
24.420153
23.019341
21.784267
20.684483
19.697561
18.811167
18.009163
17.278149
16.612688
16.003712
15.441964
14.925340
14.448541
14.004574
13.592852
13.210527
12.852001
12.517196
12.204965
11.910512
11.634120
11.375550
11.130921
10.900202
10.684013
10.479019
10.284925
10.102982
9.930221
9.766040
9.612135
9.466031
9.326740
9.196315
9.072664
8.954589
8.844274
8.740197
8.640842
8.548328
8.461864
8.379499
8.303402
8.233257
8.166855
8.106187
8.051496
8.000378
7.954607
7.915028
7.879006
7.848144
7.823838
7.803525
7.788394
7.780565
7.777541
7.780109
7.791098
7.808187
7.831851
7.865454
7.907224
7.957078
8.019275
8.092605
8.176813
8.277122
8.393532
8.525710
8.680458
8.859986
9.064735
9.304419
9.585156
9.910580
10.296524
10.758811
11.311107
11.986559
12.829556
13.893636
15.281801
17.167328
19.841309
23.927599
30.939356
45.614082
95.496910
-460.442902
-61.907997
-31.576406
-20.447161
-14.674501
-11.143082
-8.774573
-7.074741
-5.794001
-4.803349
-4.013783
-3.366528
-2.832959
-2.385390
-2.001090
-1.672549
-1.388954
-1.138265
-0.918679
-0.726080
-0.552446
-0.397747
-0.260851
-0.135747
-0.022819
0.077518
0.170058
0.254677
0.329959
0.399835
0.464562
0.522175
0.575900
0.626220
0.670991
0.712730
0.752308
0.787345
0.819824
0.850999
0.878350
0.903429
0.927739
0.949069
0.968059
0.986881
1.003269
1.017492
1.031879
1.044436
1.054969
1.065751
1.075372
1.082841
1.090717
1.097788
1.102708
1.107922
1.112623
1.115200
1.117950
1.120558
1.121014
1.121506
1.122276
1.120947
1.119592
1.118885
1.116230
1.113318
1.111408
1.107712
1.103399
1.100328
1.095611
1.089865
1.085524
1.079639
1.072331
1.066526
1.059538
1.050595
1.043386
1.035429
1.025161
1.016794
1.008251
0.996920
0.987559
0.978756
0.966473
0.955975
0.946929
0.933393
0.921214
0.911589
0.896108
0.881112
0.870786
0.852273
0.831844
0.820781
0.793535
0.736929
-18.531994
0.806589
0.779055
0.741934
0.720624
0.705171
0.680479
0.659643
0.643061
0.620420
0.598772
0.580537
0.557839
0.534661
0.514249
0.490359
0.465111
0.442124
0.416452
0.388866
0.363126
0.335442
0.305551
0.277181
0.247431
0.215321
0.184351
0.152426
0.117919
0.084104
0.049546
0.012216
-0.024993
-0.062789
-0.103574
-0.144766
-0.186486
-0.231276
-0.276974
-0.323158
-0.372441
-0.423081
-0.474247
-0.528477
-0.584635
-0.641396
-0.701323
-0.763822
-0.827220
-0.893938
-0.963976
-1.035341
-1.110329
-1.189402
-1.270414
-1.355325
-1.445143
-1.537661
-1.634474
-1.737063
-1.843301
-1.954404
-2.072444
-2.195328
-2.323999
-2.461090
-2.604768
-2.755635
-2.916822
-3.086992
-3.266355
-3.458669
-3.663143
-3.879758
-4.112871
-4.362570
-4.628684
-4.916428
-5.227213
-5.561135
-5.924564
-6.320976
-6.751482
-7.224377
-7.746517
-8.321478
-8.961307
-9.679213
-10.484299
-11.397039
-12.443258
-13.646855
-15.049516
-16.709511
-18.694799
-21.113543
-24.132963
-27.994352
-33.106968
-40.211273
-50.726379
-67.875061
-100.872955
-190.367798
-1341.986694
276.487885
127.596687
83.869186
62.985226
50.755718
42.717991
37.042477
32.823704
29.558798
26.963583
24.853800
23.099703
21.622843
20.365004
19.276651
18.328447
17.498306
16.761662
16.105396
15.520401
14.992460
14.514556
14.083216
13.689428
13.328650
13.000051
12.697671
12.417908
12.161665
11.924653
11.703825
11.500615
11.312409
11.136187
10.973690
10.823224
10.682027
10.551781
10.431649
10.318743
10.214748
10.119441
10.030070
9.947882
9.873481
9.804064
9.740644
9.684398
9.632535
9.585855
9.545890
9.510279
9.479177
9.454669
9.434629
9.418743
9.409393
9.404646
9.403997
9.409853
9.420807
9.435710
9.457512
9.484990
9.516821
9.555840
9.601630
9.652518
9.711466
9.778708
9.852302
9.935130
10.028399
10.130049
10.242887
10.369089
10.506671
10.658427
10.827816
11.013182
11.217609
11.446298
11.698682
11.978650
12.293886
12.646300
13.041511
13.492482
14.005687
14.592406
15.275311
16.073601
17.014315
18.146362
19.527552
21.240948
23.432735
26.326807
30.305462
36.135658
45.482006
62.830822
106.209961
408.636047
-198.750580
-76.485977
-46.013374
-32.169960
-24.269669
-19.173256
-15.606128
-12.973310
-10.957397
-9.359274
-8.062023
-6.993970
-6.095426
-5.328399
-4.671322
-4.099313
-3.595538
-3.153144
-2.759775
-2.405860
-2.089901
-1.804950
-1.544641
-1.309312
-1.095300
-0.897302
-0.716580
-0.551276
-0.396866
-0.254750
-0.124365
-0.001700
0.111939
0.216271
0.314771
0.406544
0.490561
0.569922
0.644174
0.711766
0.775436
0.835225
0.889188
0.939740
0.987320
1.029789
1.069084
1.106149
1.138610
1.167964
1.195512
1.218824
1.238899
1.257324
1.271748
1.282583
1.291798
1.297126
1.298472
1.298038
1.293798
1.285114
1.274355
1.259755
1.240142
1.217893
1.191628
1.159492
1.123847
1.083643
1.036381
0.984230
0.926512
0.860047
0.786690
0.706103
0.614461
0.512953
0.401662
0.275826
0.135713
-0.018431
-0.192682
-0.388272
-0.605486
-0.852348
-1.132984
-1.449470
-1.813572
-2.235476
-2.722216
-3.294859
-3.977364
-4.793487
-5.791030
-7.038047
-8.623477
-10.709218
-13.576967
-17.730227
-24.276623
-36.109989
-63.742268
-201.625900
214.394623
75.073120
47.319679
35.475887
28.918785
24.759287
21.903265
19.823708
18.241989
17.009363
16.023783
15.216056
14.549870
13.993150
13.518732
13.115539
12.771096
12.471200
12.212313
11.989556
11.793696
11.623806
11.478333
11.350718
11.240574
11.148295
11.068791
11.001668
10.948302
10.904672
10.870174
10.846882
10.831525
10.823310
10.824521
10.832807
10.846929
10.869471
10.898715
10.933140
10.975270
11.024091
11.077798
11.138764
11.206716
11.279444
11.359276
11.446323
11.538442
11.637619
11.744667
11.857260
11.977183
12.105782
12.240986
12.384048
12.536996
12.697861
12.867649
13.048789
13.239579
13.440660
13.655077
13.881396
14.120032
14.374368
14.643744
14.928262
15.231793
15.554579
15.896557
16.262470
16.653410
17.069704
17.516905
17.997713
18.512873
19.069130
19.671682
20.322628
21.030762
21.804697
22.649300
23.577337
24.603546
25.738789
27.003832
28.424904
30.026665
31.847361
33.939701
36.362022
39.199486
42.575497
46.650089
51.663837
57.994041
66.224518
77.355553
93.267464
117.860046
160.872284
255.472137
633.097778
-1267.967163
-313.381409
-177.694992
-123.456558
-94.269707
-76.040047
-63.563232
-54.493584
-47.607212
-42.193375
-37.829216
-34.240185
-31.230946
-28.673443
-26.476814
-24.565182
-22.887129
-21.406023
-20.085405
-18.900549
-17.835102
-16.869053
-15.988389
-15.185658
-14.449072
-13.769394
-13.143504
-12.563943
-12.024037
-11.522666
-11.055294
-10.616353
-10.205935
-9.821178
-9.457472
-9.115308
-8.793264
-8.487163
-8.197677
-7.924374
-7.663606
-7.415853
-7.181495
-6.957121
-6.743085
-6.540361
-6.345833
-6.159453
-5.982664
-5.812778
-5.649292
-5.494043
-5.344720
-5.200426
-5.063283
-4.931424
-4.803593
-4.682046
-4.565411
-4.452088
-4.344323
-4.241330
-4.141041
-4.045754
-3.955117
-3.866813
-3.782893
-3.703610
-3.626359
-3.552940
-3.484272
-3.417555
-3.354246
-3.296002
-3.239850
-3.186995
-3.139686
-3.095033
-3.053705
-3.018774
-2.987442
-2.959784
-2.939699
-2.924768
-2.914416
-2.913553
-2.920397
-2.933925
-2.960396
-2.999558
-3.050284
-3.121350
-3.215784
-3.334053
-3.491034
-3.698829
-3.967587
-4.333623
-4.848339
-5.587494
-6.740677
-8.754587
-12.990311
-27.477629
134.708679
18.441078
9.626986
6.423122
4.769196
3.767173
3.110390
2.644140
2.297938
2.040548
1.839549
1.677878
1.552342
1.450800
1.365457
1.298503
1.244089
1.196981
1.160402
1.131529
1.105943
1.086798
1.073093
1.060753
1.052598
1.048656
1.045221
1.044508
1.047304
1.050208
1.054726
1.062266
1.069680
1.077872
1.088672
1.099252
1.109921
1.122891
1.135636
1.148031
1.162492
1.176917
1.190704
1.206317
1.222158
1.237165
1.253793
1.270938
1.287050
1.304509
1.322709
1.339730
1.357704
1.376608
1.394188
1.412456
1.431736
1.449744
1.468061
1.487701
1.506095
1.524635
1.544603
1.563564
1.582327
1.602780
1.622425
1.641502
1.662309
1.682512
1.701686
1.722630
1.743035
1.762195
1.782901
1.803514
1.822420
1.842887
1.863638
1.882398
1.902619
1.923711
1.942472
1.962526
1.983834
2.002514
2.022064
2.043171
2.061330
2.079391
2.099512
2.115709
2.130563
2.147769
2.159721
2.168009
2.177908
2.180088
2.171251
2.159560
2.123387
2.038244
1.867166
1.288894
-636.351746
3.791199
3.195574
3.029101
2.950850
2.914465
2.907883
2.906775
2.911725
2.927684
2.943943
2.960734
2.983936
3.007252
3.029294
3.056021
3.083186
3.108805
3.138085
3.168320
3.197044
3.228775
3.261784
3.293396
3.327316
3.362994
3.397336
3.433325
3.471308
3.508115
3.546164
3.586334
3.625623
3.665822
3.708373
3.750379
3.793118
3.838433
3.883714
3.929532
3.978117
4.027138
4.076591
4.128837
4.181911
4.235373
4.291676
4.349280
4.407146
4.467967
4.530539
4.593598
4.659666
4.728172
4.797453
4.869927
4.945597
5.022427
5.102752
5.187011
5.273053
5.362831
5.457407
5.554471
5.655686
5.762692
5.873169
5.988490
6.110837
6.238146
6.371309
6.513312
6.662306
6.818866
6.986654
7.164299
7.352138
7.554599
7.771015
8.001657
8.251814
8.522260
8.813324
9.131920
9.480960
9.861799
10.284024
10.754544
11.277794
11.868765
12.542665
13.312366
14.206215
15.260150
16.513073
18.034971
19.929701
22.341778
25.527096
29.945187
36.464035
47.076279
67.474434
122.718208
832.666382
-165.296799
-73.363464
-46.338676
-33.418793
-25.834690
-20.835495
-17.297602
-14.656646
-12.602047
-10.962711
-9.621721
-8.497844
-7.546050
-6.728615
-6.013296
-5.384817
-4.828467
-4.327441
-3.875902
-3.467870
-3.092854
-2.748315
-2.432179
-2.137188
-1.861853
-1.606203
-1.364716
-1.136199
-0.921789
-0.717219
-0.521187
-0.335498
-0.156884
0.016210
0.181598
0.341742
0.498400
0.649304
0.796192
0.941063
1.081784
1.219304
1.355980
1.489792
1.621218
1.752738
1.882682
2.010897
2.140082
2.268807
2.396494
2.525818
2.655819
2.785375
2.917208
3.050713
3.184493
3.321067
3.460465
3.600889
3.744854
3.892878
4.043001
4.197560
4.357716
4.521398
4.690743
4.867553
5.049738
5.239167
5.438413
5.645493
5.862008
6.091316
6.331922
6.585172
6.855505
7.142074
7.446362
7.774170
8.126034
8.503746
8.915359
9.363676
9.851944
10.391584
10.990076
11.654326
12.402699
13.252037
14.219704
15.340528
16.655434
18.213408
20.098978
22.433081
25.388014
29.265385
34.591312
42.349945
54.738346
77.728935
135.079468
534.248535
-267.656616
-106.069542
-65.729729
-47.400787
-36.912434
-30.109642
-25.344677
-21.813223
-19.084291
-16.916750
-15.149393
-13.675045
-12.430655
-11.363932
-10.434439
-9.620921
-8.901908
-8.257196
-7.678691
-7.156741
-6.679054
-6.242220
-5.842063
-5.470060
-5.124703
-4.804525
-4.503161
-4.219876
-3.954633
-3.702689
-3.463178
-3.237194
-3.020929
-2.813289
-2.616067
-2.426127
-2.242204
-2.066210
-1.895812
-1.729375
-1.569026
-1.412982
-1.259324
-1.110164
-0.964352
-0.819717
-0.678311
-0.539548
-0.401094
-0.264708
-0.130427
0.004283
0.137973
0.270093
0.403347
0.536631
0.668977
0.803137
0.938506
1.073698
1.211424
1.351575
1.492453
1.636632
1.784606
1.934311
2.088199
2.247354
2.409574
2.577139
2.751827
2.931410
3.117990
3.314222
3.517987
3.731294
3.957712
4.195685
4.446960
4.716517
5.003603
5.310174
5.642804
6.002515
6.391984
6.820750
7.292936
7.813908
8.398518
9.058002
9.804766
10.666437
11.671844
12.855759
14.282363
16.038013
18.244322
21.118767
25.029774
30.650211
39.458839
55.292004
92.126068
275.533966
-277.578125
-92.136703
-55.128265
-39.269463
-30.437147
-24.797848
-20.888775
-18.008730
-15.792710
-14.039346
-12.611098
-11.420513
-10.416814
-9.555447
-8.803675
-8.145550
-7.562027
-7.037007
-6.565170
-6.137551
-5.744153
-5.383593
-5.051559
-4.741025
-4.451831
-4.182434
-3.927116
-3.686207
-3.459581
-3.242569
-3.035359
-2.838766
-2.648789
-2.465370
-2.289895
-2.119044
-1.952343
-1.791624
-1.634122
-1.478991
-1.328319
-1.179927
-1.032542
-0.888392
-0.745813
-0.603164
-0.462605
-0.323006
-0.182353
-0.042662
0.096717
0.238114
0.379718
0.521679
0.666569
0.812944
0.960363
1.111684
1.265731
1.421709
1.582490
1.747432
1.915357
2.089192
2.268907
2.453016
2.644507
2.844114
3.050118
3.265558
3.491918
3.727570
3.975493
4.238157
4.514039
4.806311
5.118627
5.449966
5.803748
6.185351
6.594867
7.036560
7.518356
8.042590
8.615537
9.249424
9.951166
10.731785
11.611861
12.608472
13.744605
15.059961
16.597885
18.416231
20.610270
23.308208
26.698891
31.105211
37.064651
45.559895
58.682365
81.640923
132.072723
333.311310
-680.353882
-171.148483
-98.776894
-69.863533
-54.289268
-44.552788
-37.897766
-33.053062
-29.367554
-26.476397
-24.142212
-22.216816
-20.607212
-19.237858
-18.056894
-17.032936
-16.134359
-15.337247
-14.629698
-13.996313
-13.423443
-12.906636
-12.437727
-12.007702
-11.615081
-11.255470
-10.922215
-10.615023
-10.331939
-10.067447
-9.821856
-9.594543
-9.381032
-9.181555
-8.996640
-8.822429
-8.658962
-8.507465
-8.364700
-8.230342
-8.106091
-7.989256
-7.879082
-7.777590
-7.682629
-7.593019
-7.510967
-7.434859
-7.363258
-7.298357
-7.239159
-7.183842
-7.134752
-7.091322
-7.051592
-7.017725
-6.989749
-6.965485
-6.946861
-6.934514
-6.926109
-6.923253
-6.927187
-6.935470
-6.949474
-6.970952
-6.997591
-7.030359
-7.071651
-7.119379
-7.174165
-7.239076
-7.312335
-7.394222
-7.488482
-7.593933
-7.710520
-7.842753
-7.990316
-8.153021
-8.336363
-8.541374
-8.768150
-9.023708
-9.311438
-9.632590
-9.997002
-10.412248
-10.883042
-11.424896
-12.054505
-12.785932
-13.649186
-14.683923
-15.933793
-17.475857
-19.428165
-21.958523
-25.367304
-30.211929
-37.595242
-50.204517
-76.618858
-166.333374
834.218567
116.606270
62.062088
41.999161
31.597490
25.237038
20.944101
17.863865
15.547559
13.738482
12.294736
11.116857
10.133672
9.306005
8.601324
7.990127
7.458775
6.994753
6.582284
6.215891
5.890781
5.596984
5.331909
5.094263
4.877061
4.678693
4.499619
4.334648
4.182407
4.044201
3.916300
3.797035
3.688414
3.587536
3.492673
3.406028
3.325590
3.249399
3.179718
3.115241
3.053818
2.997610
2.945959
2.896463
2.851111
2.809806
2.770011
2.733402
2.700441
2.668536
2.638939
2.612697
2.587239
2.563456
2.542800
2.522825
2.504011
2.488203
2.473137
2.458749
2.447243
2.436544
2.426109
2.418351
2.411472
2.404459
2.399784
2.396152
2.391971
2.389836
2.388955
2.387203
2.387288
2.388895
2.389464
2.391595
2.395647
2.398582
2.402740
2.409168
2.414418
2.420435
2.429017
2.436342
2.443752
2.454032
2.462925
2.471113
2.482531
2.492667
2.501148
2.513202
2.524307
2.532493
2.544744
2.556282
2.562648
2.573245
2.582897
2.581390
2.580042
2.569803
2.507171
2.307879
