710.529480
2.098297
2.097402
2.070612
2.044286
2.029568
2.007973
1.983947
1.966949
1.946559
1.923386
1.904956
1.884927
1.861944
1.842540
1.822574
1.799834
1.779751
1.759979
1.737668
1.717447
1.698009
1.676264
1.655989
1.636839
1.615504
1.595048
1.575865
1.554635
1.533655
1.514048
1.492564
1.470870
1.450569
1.428732
1.406291
1.385337
1.363100
1.340053
1.318393
1.295798
1.272119
1.249691
1.226549
1.201965
1.178411
1.154340
1.128530
1.103403
1.077913
1.050435
1.023432
0.996173
0.966819
0.937572
0.908310
0.876822
0.845054
0.813389
0.779431
0.744641
0.709944
0.672716
0.634076
0.595307
0.553740
0.510041
0.465890
0.418694
0.368496
0.317489
0.262994
0.204523
0.144623
0.080760
0.011617
-0.060090
-0.136592
-0.220176
-0.308182
-0.402547
-0.506912
-0.618493
-0.739276
-0.874301
-1.021563
-1.183168
-1.366042
-1.570004
-1.798220
-2.061236
-2.363144
-2.710741
-3.123463
-3.616990
-4.212522
-4.957544
-5.911343
-7.166398
-8.912138
-11.500223
-15.708843
-23.810539
-45.828487
-331.789124
68.570854
32.196419
21.483025
16.360859
13.366746
11.393141
9.996176
8.962768
8.159945
7.519162
7.001886
6.570791
6.205696
5.897773
5.631274
5.397326
5.195081
5.016082
4.854936
4.713322
4.586462
4.470175
4.366832
4.273666
4.186997
4.109414
4.039609
3.974142
3.915201
3.862816
3.813409
3.769024
3.730138
3.693706
3.660990
3.633260
3.607499
3.584599
3.566202
3.549585
3.535122
3.524836
3.516394
3.509664
3.506920
3.506270
3.507095
3.511883
3.519077
3.527711
3.540349
3.555815
3.572814
3.593816
3.618160
3.644155
3.674202
3.708197
3.744162
3.784364
3.829279
3.876761
3.928853
3.986732
4.048061
4.114729
4.188450
4.266984
4.351894
4.445525
4.545862
4.653970
4.773044
4.901370
5.039681
5.192085
5.357408
5.536371
5.733979
5.950336
6.186126
6.448057
6.737919
7.057311
7.415252
7.816942
8.266136
8.776516
9.359651
10.025753
10.798585
11.705141
12.773747
14.057171
15.627381
17.578016
20.070660
23.369265
27.912262
34.567646
45.254818
65.124512
114.847839
463.319061
-233.720169
-94.350571
-59.560379
-43.768124
-34.757126
-28.951136
-24.901014
-21.915157
-19.634649
-17.837276
-16.382622
-15.189773
-14.195354
-13.351494
-12.632829
-12.015432
-11.476969
-11.008066
-10.598550
-10.235418
-9.914944
-9.632810
-9.380394
-9.155938
-8.958177
-8.780798
-8.622761
-8.484480
-8.361202
-8.251924
-8.158184
-8.076139
-8.004811
-7.946145
-7.897285
-7.856898
-7.827254
-7.806201
-7.792163
-7.787488
-7.790695
-7.799910
-7.817564
-7.842772
-7.873525
-7.912009
-7.958184
-8.009791
-8.068933
-8.136042
-8.208920
-8.289314
-8.378319
-8.473684
-8.576851
-8.689397
-8.809210
-8.937323
-9.075875
-9.222917
-9.379213
-9.547324
-9.725729
-9.914793
-10.117754
-10.333403
-10.561999
-10.807182
-11.068612
-11.346165
-11.644189
-11.963211
-12.303072
-12.668827
-13.062182
-13.483410
-13.938461
-14.430840
-14.961789
-15.538671
-16.168116
-16.853174
-17.604141
-18.432280
-19.344900
-20.358084
-21.491446
-22.761930
-24.197462
-25.836401
-27.717863
-29.900637
-32.469128
-35.526783
-39.226898
-43.804844
-49.604141
-57.183449
-67.529114
-82.473946
-105.948975
-148.221954
-246.867950
-740.017700
739.505859
246.345520
147.694275
105.423706
81.944969
66.995316
56.647232
49.062199
43.255749
38.671108
34.962490
31.893862
29.314730
27.120005
25.223959
23.570658
22.119482
20.831308
19.679976
18.648039
17.714643
16.865383
16.092678
15.383831
14.729896
14.127776
13.569474
13.048639
12.564301
12.111513
11.685081
11.285252
10.908953
10.551843
10.214547
9.895467
9.590513
9.300668
9.025072
8.760199
8.506680
8.264602
8.030622
7.805143
7.588867
7.378744
7.174810
6.978408
6.786669
6.599323
6.418057
6.240407
6.065739
5.895889
5.728829
5.563454
5.401731
5.242089
5.082818
4.926087
4.770638
4.614347
4.459424
4.304764
4.148179
3.991490
3.834373
3.674050
3.512064
3.348663
3.180630
3.009140
2.834859
2.654200
2.467659
2.276334
2.076099
1.866676
1.649235
1.419265
1.175134
0.918145
0.642764
0.345627
0.027344
-0.318809
-0.699581
-1.116199
-1.578563
-2.099248
-2.685276
-3.354557
-4.133761
-5.046546
-6.136083
-7.471766
-9.140901
-11.293533
-14.198854
-18.328680
-24.679510
-35.780727
-60.153931
-157.470154
329.007568
85.715996
50.909367
36.974632
29.458103
24.737823
21.501377
19.141310
17.334024
15.908558
14.755888
13.796983
12.989202
12.300918
11.701453
11.176066
10.714098
10.299689
9.926494
9.591261
9.284322
9.002190
8.744711
8.505551
8.282087
8.075768
7.882115
7.698837
7.527937
7.366393
7.211820
7.066476
6.928306
6.794755
6.668200
6.547277
6.429359
6.316582
6.208413
6.102091
5.999498
5.900770
5.803138
5.708110
5.616402
5.525315
5.435928
5.349452
5.263228
5.177902
5.095041
5.012152
4.929338
4.848497
4.767315
4.685440
4.604974
4.523912
4.441434
4.359749
4.277247
4.192611
4.108147
4.022692
3.934356
3.845448
3.755221
3.661288
3.565793
3.468394
3.366259
3.261149
3.153275
3.039201
2.920320
2.797243
2.666102
2.527666
2.382917
2.227432
2.060972
1.884890
1.693964
1.486429
1.263389
1.018467
0.747336
0.449970
0.117384
-0.259458
-0.684205
-1.172045
-1.742396
-2.410820
-3.210551
-4.192286
-5.415763
-6.989599
-9.105213
-12.083730
-16.600452
-24.310019
-40.402603
-95.038635
506.032471
76.664978
43.604595
31.428947
25.092207
21.194933
18.563633
16.665279
15.223439
14.097027
13.192185
12.443186
11.817268
11.287068
10.826922
10.426713
10.077065
9.764350
9.485085
9.236274
9.009292
8.802467
8.615872
8.443340
8.283740
8.138442
8.002706
7.875517
7.758771
7.649060
7.544884
7.448671
7.357806
7.270633
7.189556
7.112896
7.038610
6.969195
6.903615
6.839652
6.779536
6.722898
6.667347
6.614830
6.565537
6.516933
6.470614
6.427220
6.384240
6.342867
6.304258
6.265883
6.228513
6.193797
6.159346
6.125385
6.094014
6.063004
6.032204
6.003864
5.976029
5.948039
5.922405
5.897406
5.871932
5.848548
5.825974
5.802531
5.780856
5.760252
5.738530
5.718229
5.699318
5.679158
5.660195
5.642977
5.624425
5.606854
5.591306
5.574487
5.558187
5.544295
5.529104
5.513757
5.501225
5.487341
5.472606
5.460906
5.448078
5.433567
5.422413
5.410597
5.396222
5.385866
5.375661
5.361449
5.351964
5.344189
5.330323
5.321972
5.318513
5.303231
5.295014
5.311005
1396.135620
5.278062
5.255150
5.258530
5.253969
5.241226
5.237287
5.232523
5.221738
5.215945
5.211070
5.201479
5.195142
5.190455
5.182108
5.175939
5.171778
5.164858
5.159201
5.155745
5.150028
5.144732
5.141665
5.136765
5.131703
5.128752
5.124276
5.119195
5.116141
5.112021
5.107054
5.103979
5.100286
5.095588
5.092675
5.089613
5.085363
5.082700
5.080148
5.076291
5.073692
5.071489
5.067810
5.065070
5.062893
5.059238
5.056152
5.053911
5.050162
5.046806
5.044453
5.040790
5.037183
5.034800
5.031211
5.027341
5.024798
5.021122
5.016817
5.013779
5.009704
5.004543
5.000554
4.995656
4.989301
4.983999
4.977973
4.970171
4.963231
4.955800
4.946237
4.937269
4.927959
4.916079
4.904284
4.892170
4.876878
4.860896
4.844402
4.823938
4.801654
4.778436
4.750196
4.718589
4.685188
4.645198
4.599411
4.550021
4.491299
4.422416
4.345925
4.254250
4.143544
4.015209
3.857523
3.658720
3.413395
3.094378
2.660310
2.059866
1.163934
-0.322702
-3.181339
-10.960047
-112.582527
29.698729
16.772856
13.001812
11.203687
10.152036
9.476661
9.004194
8.653882
8.393671
8.191743
8.028418
7.900933
7.798736
7.712448
7.644318
7.590123
7.543463
7.507361
7.480349
7.457275
7.440858
7.431240
7.423971
7.421219
7.424161
7.428786
7.436663
7.449516
7.463865
7.480639
7.501821
7.524590
7.549026
7.577631
7.607838
7.639294
7.674615
7.711827
7.750069
7.791983
7.836215
7.881442
7.930343
7.982030
8.034898
8.091398
8.151281
8.212562
8.277541
8.346434
8.417056
8.491401
8.570248
8.651309
8.736302
8.826445
8.919538
9.016889
9.120310
9.227696
9.339929
9.459371
9.584038
9.714597
9.853654
9.999701
10.152884
10.316314
10.488874
10.670376
10.864494
11.070635
11.288409
11.522044
11.772019
12.037711
12.324211
12.633196
12.964483
13.324087
13.715729
14.140148
14.605060
15.117352
15.680055
16.304178
17.002401
17.783003
18.664602
19.671696
20.826405
22.166012
23.745306
25.626163
27.906061
30.737387
34.336338
39.064587
45.572144
55.077126
70.269196
98.493874
169.042603
662.696838
-324.631287
-127.158279
-77.763412
-55.312065
-42.480991
-34.164497
-28.341825
-24.037588
-20.717537
-18.082161
-15.941328
-14.160513
-12.658299
-11.376330
-10.263641
-9.290077
-8.433470
-7.669330
-6.983466
-6.367352
-5.806875
-5.294268
-4.826477
-4.394776
-3.994025
-3.623804
-3.278387
-2.953790
-2.650828
-2.365789
-2.095080
-1.840082
-1.598443
-1.366757
-1.146603
-0.936625
-0.733479
-0.538755
-0.351868
-0.169654
0.006541
0.176639
0.343664
0.506520
0.664566
0.820650
0.974135
1.123872
1.272539
1.420066
1.564808
1.709330
1.854023
1.996970
2.140541
2.285541
2.429947
2.575734
2.724203
2.873297
3.024591
3.179902
3.337085
3.497400
3.663193
3.832452
4.006063
4.186896
4.373300
4.565790
4.767804
4.978191
5.197176
5.428844
5.672791
5.928893
6.202148
6.493063
6.801687
7.133859
7.491928
7.876309
8.294612
8.751786
9.250078
9.799994
10.411468
11.090987
11.855487
12.725083
13.717097
14.864395
16.212191
17.809832
19.739214
22.124546
25.138405
29.072100
34.440601
42.185097
54.340099
76.229515
127.284721
382.452881
-383.111115
-127.913437
-76.853760
-54.979965
-42.828629
-35.087425
-29.733130
-25.809385
-22.803843
-20.434187
-18.519289
-16.934052
-15.604518
-14.475338
-13.499696
-12.651279
-11.909322
-11.250832
-10.664520
-10.142043
-9.670098
-9.242908
-8.857471
-8.505183
-8.182404
-7.888747
-7.618232
-7.367988
-7.139018
-6.927104
-6.729568
-6.548135
-6.379879
-6.222187
-6.077082
-5.942650
-5.816318
-5.700132
-5.593062
-5.492454
-5.400243
-5.316099
-5.237338
-5.165645
-5.101337
-5.041673
-4.988033
-4.941295
-4.898757
-4.861463
-4.830761
-4.804168
-4.782272
-4.766902
-4.755841
-4.749251
-4.749334
-4.754148
-4.763461
-4.779751
-4.801484
-4.827910
-4.861870
-4.902038
-4.947475
-5.001052
-5.062144
-5.129357
-5.205666
-5.291252
-5.384430
-5.488381
-5.604052
-5.729636
-5.868496
-6.022732
-6.190547
-6.375483
-6.580974
-6.805717
-7.053659
-7.330185
-7.635028
-7.973231
-8.353063
-8.776810
-9.252022
-9.792286
-10.405621
-11.105914
-11.917902
-12.863779
-13.974966
-15.305963
-16.920294
-18.910667
-21.435083
-24.729235
-29.190447
-35.585217
-45.491852
-62.835327
-101.044029
-254.014664
510.890289
128.494370
73.908066
52.078850
40.339779
33.022152
28.019136
24.388279
21.641817
19.487305
17.754250
16.336950
15.152452
14.148365
13.292078
12.550361
11.901186
11.333167
10.829981
10.379916
9.979373
9.619464
9.292622
8.998288
8.731484
8.486463
8.264024
8.061357
7.873708
7.702251
7.545695
7.399866
7.265901
7.143610
7.029268
6.923778
6.827844
6.738029
6.654996
6.580004
6.510090
6.445483
6.387852
6.334677
6.285674
6.242903
6.204182
6.168786
6.138950
6.112961
6.089682
6.071421
6.056880
6.044653
6.037108
6.033465
6.031962
6.034847
6.042014
6.051366
6.065120
6.083605
6.104589
6.129951
6.160706
6.194361
6.232590
6.276896
6.324890
6.377780
6.437797
6.502562
6.572962
6.652004
6.737555
6.830084
6.933460
7.045943
7.167926
7.303916
7.453047
7.615554
7.797101
7.998513
8.219505
8.468114
8.747427
9.058934
9.413599
9.819493
10.282496
10.821339
11.455956
12.205572
13.111366
14.229136
15.629514
17.443426
19.889627
23.344549
28.604694
37.600349
56.399704
120.313736
-583.104370
-80.650749
-41.993603
-27.769184
-20.369581
-15.830254
-12.771630
-10.566879
-8.897950
-7.598593
-6.555830
-5.696648
-4.982200
-4.377792
-3.855624
-3.404492
-3.010883
-2.660331
-2.349526
-2.072754
-1.820914
-1.593410
-1.388076
-1.198337
-1.024292
-0.865848
-0.717812
-0.580301
-0.454416
-0.335876
-0.224444
-0.121856
-0.024748
0.067545
0.152985
0.234224
0.312360
0.384977
0.454204
0.521441
0.584292
0.644106
0.702791
0.757816
0.810116
0.861696
0.910367
0.956404
1.002137
1.045610
1.086609
1.127522
1.166875
1.203835
1.240950
1.277031
1.310866
1.344893
1.378365
1.409589
1.440985
1.472210
1.501153
1.530118
1.559251
1.586215
1.612974
1.640282
1.665564
1.690482
1.716374
1.740453
1.763976
1.788859
1.812165
1.834622
1.858725
1.881509
1.903027
1.926329
1.948575
1.969063
1.991426
2.013133
2.032552
2.053941
2.075239
2.093797
2.114453
2.135816
2.153945
2.174223
2.196290
2.214365
2.234447
2.257745
2.275883
2.295318
2.320276
2.337965
2.354950
2.382976
2.398137
2.396066
32.956497
2.470466
2.498251
2.505013
2.524908
2.549704
2.564992
2.584315
2.608159
2.626370
2.646261
2.670305
2.690762
2.711701
2.736431
2.758738
2.780791
2.806153
2.829946
2.852909
2.878790
2.903743
2.927590
2.954022
2.980162
3.005056
3.032405
3.060025
3.086526
3.115222
3.144778
3.173284
3.203784
3.235540
3.266356
3.298860
3.332953
3.366235
3.400896
3.437482
3.473414
3.510535
3.549904
3.588952
3.629062
3.671782
3.714651
3.758540
3.805365
3.852862
3.901409
3.953125
4.006060
4.060113
4.117521
4.176763
4.237153
4.301265
4.367917
4.435975
4.508235
4.583848
4.661409
4.743767
4.830649
4.920327
5.015522
5.116625
5.221655
5.333220
5.452417
5.577094
5.709702
5.852218
6.002406
6.162694
6.335925
6.520388
6.718316
6.933918
7.165999
7.417161
7.693313
7.994621
8.324455
8.691483
9.098430
9.550776
10.062016
10.640968
11.298567
12.059380
12.946102
13.987707
15.237831
16.762718
18.655807
21.081354
24.298615
28.753847
35.353344
46.134266
66.850914
123.098549
854.612915
-169.472488
-76.379524
-49.019299
-35.926918
-28.252100
-23.219250
-19.656731
-17.002594
-14.956718
-13.326391
-11.995871
-10.895840
-9.967990
-9.173088
-8.489909
-7.894676
-7.369007
-6.906262
-6.494415
-6.123294
-5.790711
-5.491076
-5.216667
-4.967865
-4.741476
-4.532079
-4.340349
-4.165167
-4.001828
-3.851269
-3.713569
-3.584642
-3.465101
-3.355952
-3.253672
-3.158411
-3.071738
-2.990603
-2.914810
-2.846200
-2.782381
-2.722578
-2.669095
-2.619905
-2.573925
-2.533614
-2.497347
-2.463850
-2.435491
-2.411376
-2.389679
-2.372688
-2.360102
-2.349844
-2.344011
-2.342781
-2.343885
-2.349202
-2.359471
-2.372325
-2.389315
-2.411841
-2.437406
-2.467371
-2.503538
-2.543701
-2.588709
-2.641017
-2.698506
-2.761662
-2.833378
-2.912027
-2.997511
-3.093465
-3.198566
-3.312572
-3.439631
-3.579408
-3.731332
-3.900512
-4.087726
-4.292770
-4.521777
-4.777822
-5.061317
-5.380730
-5.742486
-6.149539
-6.614697
-7.151656
-7.770177
-8.494095
-9.354503
-10.382684
-11.636325
-13.202701
-15.198522
-17.830303
-21.467646
-26.789116
-35.312153
-51.182644
-90.883896
-368.851074
187.229446
76.039398
48.245899
35.637608
28.443602
23.789322
20.543985
18.152622
16.313021
14.861808
13.688908
12.716881
11.903590
11.214918
10.620280
10.105403
9.657607
9.260648
8.909077
8.598157
8.317745
8.065229
7.839427
7.633259
7.445145
7.275657
7.119712
6.975887
6.845738
6.725521
6.613688
6.512331
6.418746
6.331097
6.251726
6.178630
6.109833
6.047635
5.990790
5.936992
5.888451
5.844622
5.802986
5.765522
5.732277
5.700751
5.672575
5.648383
5.625639
5.605655
5.589546
5.574794
5.562320
5.553659
5.546360
5.540905
5.539195
5.538981
5.540186
5.545045
5.551551
5.559206
5.570502
5.583796
5.598122
5.616125
5.636724
5.658363
5.683886
5.712703
5.742888
5.777212
5.815726
5.856004
5.900844
5.950937
6.003604
6.061406
6.126001
6.194448
6.269246
6.353087
6.443105
6.541698
6.653130
6.774869
6.909524
7.063488
7.235534
7.429164
7.654655
7.914276
8.215079
8.576292
9.011217
9.541534
10.216007
11.095032
12.281023
13.996044
16.686794
21.499462
32.727280
88.846848
-79.350235
-23.274145
-12.056620
-7.224778
-4.533615
-2.820021
-1.619895
-0.733304
-0.054257
0.491743
0.940159
1.311854
1.631705
1.910513
2.152184
2.368836
2.565347
2.740909
2.902544
3.053589
3.191705
3.321298
3.445405
3.561172
3.671408
3.779100
3.881444
3.980013
4.077831
4.172343
4.264171
4.356348
4.446626
4.534933
4.624290
4.712881
4.799994
4.888606
4.977495
5.065419
5.155249
5.246300
5.336962
5.429952
5.525024
5.620408
5.718434
5.819442
5.921363
6.026291
6.134996
6.245350
6.359035
6.477381
6.598187
6.722842
6.853112
6.986963
7.125350
7.270596
7.420847
7.576655
7.740850
7.911807
8.089737
8.277818
8.475018
8.681131
8.899667
9.130262
9.372417
9.630156
9.903981
10.193275
10.502711
10.833891
11.186524
11.566113
11.975965
12.416581
12.894667
13.416328
13.983574
14.605625
15.292834
16.051125
16.894541
17.841675
18.907001
20.116177
21.505428
23.111233
24.989971
27.225006
29.920164
33.233452
37.416847
42.853947
50.203358
60.712067
76.953957
105.361931
167.883286
417.991425
-832.414246
-207.236649
-117.935211
-82.201172
-62.964951
-50.948677
-42.719883
-36.737713
-32.196419
-28.623848
-25.744005
-23.376856
-21.391220
-19.703724
-18.255730
-16.995317
-15.888981
-14.913980
-14.044489
-13.264379
-12.563995
-11.929196
-11.350245
-10.823629
-10.340718
-9.894872
-9.485342
-9.106614
-8.753697
-8.427094
-8.123404
-7.838197
-7.572630
-7.324555
-7.090341
-6.871019
-6.665640
-6.470659
-6.287152
-6.115047
-5.951108
-5.796134
-5.650822
-5.512058
-5.380427
-5.257214
-5.139591
-5.027704
-4.923253
-4.823717
-4.728850
-4.640639
-4.556885
-4.476945
-4.402980
-4.333180
-4.266533
-4.205296
-4.148261
-4.093821
-4.044508
-3.999504
-3.956924
-3.919248
-3.886207
-3.855771
-3.830078
-3.809663
-3.791880
-3.778960
-3.771980
-3.768075
-3.769206
-3.777138
-3.789119
-3.806536
-3.832094
-3.863229
-3.900775
-3.948661
-4.004408
-4.069022
-4.147021
-4.237415
-4.339691
-4.461227
-4.601685
-4.762061
-4.951185
-5.172239
-5.427863
-5.732594
-6.096774
-6.530750
-7.063258
-7.726697
-8.562901
-9.656120
-11.141032
-13.244639
-16.465174
-21.994371
-33.566525
-72.981422
361.193634
51.084641
27.250406
18.500774
13.955026
11.175088
9.311765
7.971433
6.961299
6.181414
5.557753
5.046232
4.625931
4.272273
3.968566
3.710026
3.486447
3.288363
3.116168
2.964539
2.827301
2.705890
2.597992
2.498461
2.409175
2.329506
2.254958
2.187284
2.126950
2.069875
2.017592
1.971093
1.926914
1.885896
1.849666
1.815217
1.782723
1.754194
1.726954
1.700808
1.677972
1.656252
1.634876
1.616246
1.598729
1.581119
1.565777
1.551665
1.537128
1.524598
1.513343
1.501529
1.491278
1.482464
1.472852
1.464442
1.457511
1.449717
1.442587
1.437028
1.430496
1.424265
1.419682
1.414217
1.408696
1.404963
1.400534
1.395720
1.392802
1.389419
1.385313
1.383119
1.380685
1.377148
1.375398
1.373661
1.370368
1.368694
1.367348
1.364038
1.362199
1.361116
1.357773
1.355722
1.355024
1.351888
1.349778
1.349733
1.347063
1.344939
1.345687
1.343462
1.341043
1.342415
1.340440
1.336951
1.338675
1.336792
1.331194
1.333591
1.332576
1.322809
1.329791
1.343984
382.807617
1.292243
1.289935
1.300272
1.293555
1.286747
1.288577
1.284016
1.277671
1.277161
1.273378
1.267152
1.265143
1.261206
1.254515
1.250864
1.246131
1.238560
1.233132
1.227341
1.218706
1.211648
1.204785
1.195271
1.186850
1.179003
1.168708
1.158997
1.150084
1.138874
1.127704
1.117391
1.104829
1.091824
1.079635
1.065347
1.050082
1.035624
1.019265
1.001524
0.984549
0.965918
0.945604
0.925890
0.904754
0.881578
0.858797
0.834688
0.808180
0.781655
0.753854
0.723226
0.692084
0.659652
0.623989
0.587290
0.549207
0.507588
0.464281
0.419524
0.370803
0.319721
0.266890
0.209590
0.149001
0.086119
0.018051
-0.054541
-0.130336
-0.212260
-0.300437
-0.393020
-0.493117
-0.601548
-0.716262
-0.840332
-0.975646
-1.119972
-1.276611
-1.448481
-1.633748
-1.835988
-2.059854
-2.304394
-2.573909
-2.875773
-3.210861
-3.585577
-4.011823
-4.495075
-5.046740
-5.688513
-6.437700
-7.320862
-8.385354
-9.685755
-11.303487
-13.382742
-16.143515
-19.970821
-25.651033
-34.936596
-52.788784
-101.298752
-732.334290
151.109406
70.827583
47.243298
35.963684
29.362091
25.038586
21.981310
19.709805
17.963057
16.572720
15.442019
14.510417
13.725846
13.056496
12.484197
11.986398
11.549041
11.166677
10.827476
10.523674
10.254119
10.012136
9.792243
9.595316
9.417323
9.253724
9.106237
8.972597
8.848825
8.736641
8.635209
8.540887
8.455236
8.378324
8.306801
8.241964
8.184520
8.131353
8.083292
8.041742
8.003721
7.969658
7.941242
7.915943
7.893674
7.876452
7.862180
7.850213
7.842939
7.838562
7.836111
7.838053
7.843051
7.849787
7.860725
7.875005
7.890911
7.910842
7.934377
7.959641
7.988655
8.021772
8.056670
8.095329
8.138542
8.183928
8.233170
8.287761
8.345181
8.406881
8.474922
8.546821
8.623679
8.708205
8.798138
8.894005
8.999391
9.112309
9.233024
9.365685
9.509254
9.663511
9.834000
10.020760
10.223633
10.449975
10.702062
10.980859
11.296499
11.656024
12.063852
12.537168
13.093890
13.750473
14.544948
15.529746
16.770678
18.396299
20.629778
23.872845
29.041983
38.635479
62.548050
229.695526
-104.567261
-37.658016
-20.894075
-13.266807
-8.888078
-6.034416
-4.031215
-2.537796
-1.373807
-0.445156
0.319167
0.965228
1.515276
1.992440
2.416148
2.791827
3.128916
3.438409
3.720948
3.980531
4.224584
4.452793
4.666067
4.870460
5.065246
5.250288
5.430036
5.604395
5.771859
5.936884
6.099064
6.256722
6.413315
6.569086
6.721936
6.874771
7.028265
7.180192
7.332678
7.487120
7.641222
7.796588
7.954941
8.114286
8.275564
8.441016
8.608521
8.778876
8.954476
9.133479
9.316112
9.504939
9.698730
9.897109
10.102744
10.315006
10.532944
10.759670
10.994847
11.237304
11.490355
11.754161
12.027631
12.313813
12.613949
12.926562
13.255073
13.601276
13.964064
14.346707
14.752275
15.179814
15.632915
16.116001
16.628895
17.175770
17.762787
18.391415
19.066877
19.797995
20.588915
21.447123
22.385933
23.414122
24.544289
25.797312
27.191835
28.750700
30.511469
32.513416
34.805939
37.465446
40.586166
44.293625
48.780552
54.322739
61.332256
70.496170
82.993141
101.027496
129.360489
180.364761
299.328033
894.076538
-890.195496
-295.395752
-176.417572
-125.431129
-97.091995
-79.047005
-66.556679
-57.389393
-50.371140
-44.831417
-40.342678
-36.627796
-33.508034
-30.847479
-28.548294
-26.545925
-24.784485
-23.219229
-21.822790
-20.568436
-19.431770
-18.399790
-17.458677
-16.593243
-15.797051
-15.062611
-14.379533
-13.744287
-13.153102
-12.598442
-12.077928
-11.590049
-11.129044
-10.692995
-10.281866
-9.890919
-9.518547
-9.165486
-8.827903
-8.504235
-8.195674
-7.899308
-7.613311
-7.339262
-7.075022
-6.818501
-6.571461
-6.332468
-6.099180
-5.873395
-5.654207
-5.439138
-5.229801
-5.025868
-4.824682
-4.627567
-4.434795
-4.243486
-4.054731
-3.869245
-3.684131
-3.500080
-3.318274
-3.135921
-2.953115
-2.771520
-2.588338
-2.403110
-2.217820
-2.029780
-1.837826
-1.644091
-1.446010
-1.241658
-1.033161
-0.818157
-0.593668
-0.361749
-0.120075
0.135427
0.403221
0.685732
0.988625
1.311478
1.657284
2.034231
2.444431
2.892682
3.391868
3.949450
4.575743
5.293954
6.125271
7.096909
8.261268
9.683357
11.456098
13.748942
16.837589
21.218334
27.966784
39.753345
65.601006
168.866592
-347.313477
-89.127220
-52.206997
-37.427746
-29.443243
-24.436600
-21.006969
-18.499157
-16.582533
-15.074727
-13.850563
-12.834280
-11.981722
-11.251569
-10.616569
-10.063493
-9.574441
-9.135992
-8.744556
-8.391176
-8.067523
-7.773421
-7.504247
-7.253867
-7.023256
-6.810195
-6.609706
-6.422984
-6.249328
-6.084370
-5.929208
-5.784137
-5.645278
-5.513454
-5.389665
-5.270529
-5.156413
-5.048921
-4.945112
-4.844930
-4.750349
-4.658891
-4.570038
-4.485981
-4.404717
-4.325235
-4.249846
-4.176971
-4.105267
-4.036954
-3.970970
-3.905575
-3.842953
-3.782609
-3.722413
-3.664479
-3.608783
-3.553052
-3.499099
-3.447467
-3.395681
-3.345246
-3.297196
-3.248909
-3.201493
-3.156447
-3.111105
-3.066102
-3.023341
-2.980284
-2.936994
-2.895808
-2.854364
-2.812155
-2.771959
-2.731618
-2.690005
-2.650273
-2.610607
-2.569104
-2.529219
-2.489550
-2.447376
-2.406117
-2.365118
-2.320592
-2.275990
-2.231308
-2.181500
-2.129834
-2.077136
-2.016807
-1.951192
-1.881847
-1.799432
-1.703396
-1.594854
-1.456514
-1.276402
-1.040858
-0.686993
-0.089892
1.110520
5.167964
-39.428055
-7.503922
-5.036994
-4.129792
-3.640268
-3.333960
-3.129195
-2.971959
-2.848204
-2.753420
-2.671246
-2.599405
-2.541047
-2.487636
-2.437897
-2.396311
-2.357540
-2.319876
-2.287754
-2.257791
-2.227823
-2.201834
-2.177735
-2.152911
-2.131000
-2.110825
-2.089616
-2.070415
-2.053028
-2.034410
-2.017205
-2.001868
-1.985346
-1.969779
-1.956188
-1.941678
-1.927725
-1.915799
-1.903171
-1.890770
-1.880351
-1.869430
-1.858315
-1.849105
-1.839589
-1.829499
-1.821216
-1.812797
-1.803614
-1.796081
-1.788766
-1.780526
-1.773807
-1.767658
-1.760535
-1.754753
-1.749889
-1.743938
-1.739166
-1.735459
-1.730668
-1.726724
-1.724057
-1.720217
-1.716903
-1.715098
-1.712165
-1.709411
-1.708419
-1.706490
-1.704464
-1.704463
-1.703758
-1.702702
-1.703833
-1.704573
-1.704554
-1.706865
-1.709002
-1.709933
-1.713150
-1.716551
-1.718203
-1.722085
-1.726681
-1.729079
-1.733530
-1.739448
-1.742832
-1.748194
-1.755851
-1.760610
-1.767126
-1.777280
-1.783842
-1.791650
-1.804620
-1.813087
-1.821416
-1.837933
-1.848826
-1.855415
-1.880936
-1.903308
-1492.419067
-1.882917
-1.906537
-1.933809
-1.942907
-1.957398
-1.978363
-1.992299
-2.007765
-2.029144
-2.046790
-2.064512
-2.087609
-2.108545
-2.129412
-2.154716
-2.178997
-2.202745
-2.230283
-2.257730
-2.284306
-2.314161
-2.344671
-2.374291
-2.406895
-2.440748
-2.473737
-2.509680
-2.547404
-2.584668
-2.624552
-2.666923
-2.708944
-2.753596
-2.800900
-2.848360
-2.898006
-2.950953
-3.004234
-3.059734
-3.118664
-3.178545
-3.240508
-3.306355
-3.373891
-3.443624
-3.517738
-3.594233
-3.673202
-3.757143
-3.844248
-3.934101
-4.029397
-4.128908
-4.231652
-4.340395
-4.454341
-4.572294
-4.697067
-4.828234
-4.964607
-5.108662
-5.261108
-5.419976
-5.588215
-5.766839
-5.954093
-6.152546
-6.364273
-6.587369
-6.824457
-7.078283
-7.347369
-7.634341
-7.943001
-8.272635
-8.625866
-9.008143
-9.419617
-9.863843
-10.348157
-10.875064
-11.449158
-12.081296
-12.777555
-13.545960
-14.403063
-15.362284
-16.439379
-17.662882
-19.062513
-20.673407
-22.553732
-24.775919
-27.433281
-30.675793
-34.720051
-39.891331
-46.746330
-56.269100
-70.360580
-93.362610
-137.634140
-257.797913
-1820.099731
367.219208
168.374146
109.896919
81.950104
65.570480
54.807953
47.206795
41.549122
37.172062
33.693684
30.860176
28.505373
26.523495
24.831480
23.367088
22.092321
20.972269
19.977503
19.091866
18.298807
17.581217
16.932129
16.343134
15.802950
15.308089
14.854745
14.434701
14.046352
13.687905
13.353457
13.041667
12.752364
12.480968
12.226214
11.989004
11.765432
11.554272
11.356858
11.170346
10.992945
10.826669
10.669070
10.518507
10.376841
10.242537
10.113558
9.991908
9.876617
9.765435
9.660307
9.560781
9.464406
9.372919
9.286511
9.202447
9.122254
9.046506
8.972578
8.901491
8.834370
8.768652
8.704934
8.644787
8.585711
8.527840
8.473254
8.419507
8.366277
8.315849
8.266197
8.216142
8.168388
8.121038
8.072422
8.025315
7.978190
7.928704
7.879579
7.830037
7.776563
7.722086
7.666278
7.604730
7.540143
7.472511
7.396374
7.313528
7.224187
7.121383
7.004816
6.874465
6.720006
6.536566
6.321257
6.054893
5.719773
5.296139
4.730771
3.942117
2.791436
0.934322
-2.547758
-11.257757
-72.389786
50.018143
25.550926
19.455421
16.716743
15.160550
14.165226
13.488404
12.997361
12.627901
12.350324
12.133560
11.960631
11.828142
11.723556
11.639352
11.577132
11.531003
11.495584
11.474246
11.463903
11.460096
11.466173
11.480865
11.500278
11.527051
11.561291
11.599225
11.643278
11.693997
11.748013
11.807152
11.872613
11.941236
12.014311
12.093552
12.176228
12.263023
12.356021
12.453031
12.553817
12.661297
12.773149
12.889520
13.012466
13.140985
13.274025
13.414266
13.560874
13.712442
13.871899
14.038620
14.211280
14.392402
14.582197
14.778970
14.985267
15.201838
15.427065
15.663247
15.911791
16.171112
16.443211
16.730474
17.031248
17.347338
17.681973
18.033609
18.404310
18.797840
19.213364
19.652977
20.121412
20.619081
21.148090
21.714556
22.320477
22.968739
23.667589
24.421013
25.233812
26.117029
27.079031
28.127661
29.279251
30.549471
31.953264
33.517300
35.271545
37.247452
39.494740
42.075684
45.063683
48.568886
52.742611
57.787300
64.014450
71.903275
82.208755
96.251564
116.536232
148.394516
205.708939
339.440369
1007.967468
-997.437195
-328.959351
-195.237854
-137.899139
-106.038574
-85.752594
-71.690483
-61.373528
-53.476864
-47.229858
-42.167816
-37.980999
-34.453339
-31.443232
-28.844044
-26.570951
-24.567717
-22.789616
-21.195297
-19.758512
-18.457996
-17.270920
-16.182987
-15.183871
-14.259325
-13.400614
-12.603044
-11.856806
-11.156100
-10.498929
-9.878497
-9.290285
-8.733908
-8.204445
-7.698094
-7.215197
-6.752547
-6.306460
-5.877916
-5.464637
-5.063289
-4.674865
-4.298151
-3.929789
-3.570774
-3.220646
-2.876040
-2.537789
-2.206003
-1.877362
-1.552364
-1.231573
-0.911912
-0.593277
-0.276792
0.040563
0.359308
0.677998
0.999540
1.324850
1.652376
1.984777
2.323673
2.667224
3.018084
3.378525
3.746953
4.125694
4.517893
4.922260
5.341062
5.778347
6.233417
6.708531
7.208936
7.734937
8.289078
8.878209
9.504237
10.170679
10.886699
11.657227
12.487799
13.391738
14.379182
15.460561
16.656807
17.988453
19.476862
21.159981
23.081221
25.291161
27.869619
30.923079
34.590401
39.090546
44.754444
52.094154
62.003170
76.144722
97.961601
136.095963
219.958649
555.222473
-1120.740845
-282.724091
-162.962799
-115.022499
-89.199684
-73.043884
-61.971249
-53.913376
-47.780621
-42.949268
-39.049137
-35.832012
-33.126789
-30.824074
-28.839485
-27.105949
-25.581865
-24.231737
-23.022655
-21.936064
-20.955416
-20.061699
-19.245523
-18.498901
-17.809587
-17.172216
-16.583069
-16.033667
-15.520407
-15.042027
-14.592533
-14.168917
-13.771534
-13.395834
-13.039207
-12.702765
-12.383238
-12.078115
-11.788957
-11.513289
-11.248712
-10.996846
-10.756085
-10.523780
-10.301666
-10.088825
-9.882563
-9.684381
-9.494086
-9.308897
-9.130172
-8.958337
-8.790562
-8.627892
-8.471361
-8.318121
-8.168914
-8.025090
-7.884063
-7.746094
-7.612851
-7.481945
-7.353065
-7.228301
-7.105494
-6.983762
-6.865476
-6.748825
-6.632462
-6.518896
-6.406705
-6.294055
-6.183512
-6.074161
-5.963596
-5.854311
-5.745992
-5.635374
-5.524984
-5.414931
-5.301504
-5.186441
-5.070862
-4.949996
-4.825122
-4.697824
-4.562619
-4.419605
-4.270745
-4.109117
-3.932796
-3.743269
-3.530754
-3.288282
-3.014016
-2.689799
-2.293322
-1.804074
-1.165110
-0.275252
1.041319
3.250123
7.840523
23.291609
-146.029633
-25.049379
-15.688817
-12.205098
-10.384743
-9.248760
-8.462513
-7.890761
-7.447943
-7.089160
-6.797574
-6.551691
-6.336715
-6.152081
-5.989296
-5.840683
-5.708361
-5.589010
-5.476671
-5.374085
-5.280123
-5.189837
-5.105668
-5.027872
-4.952037
-4.880098
-4.813197
-4.747564
-4.684377
-4.625544
-4.567561
-4.511178
-4.458488
-4.406700
-4.355717
-4.308005
-4.261104
-4.214444
-4.170551
-4.127527
-4.084257
-4.043329
-4.003327
-3.962744
-3.924155
-3.886638
-3.848428
-3.811880
-3.776602
-3.740595
-3.705901
-3.672764
-3.638815
-3.605873
-3.574553
-3.542442
-3.510898
-3.481061
-3.450444
-3.419985
-3.391253
-3.361835
-3.332238
-3.304439
-3.276150
-3.247405
-3.220537
-3.193468
-3.165653
-3.139757
-3.113963
-3.087093
-3.062071
-3.037418
-3.011371
-2.986932
-2.963156
-2.937638
-2.913447
-2.890292
-2.865129
-2.841033
-2.818461
-2.793816
-2.769857
-2.748087
-2.724188
-2.700568
-2.679843
-2.656901
-2.633558
-2.613856
-2.591869
-2.568347
-2.549251
-2.527950
-2.503307
-2.484515
-2.463773
-2.436491
-2.417556
-2.398213
-2.362055
-2.337753
517.031006
-2.338157
-2.298071
-2.266049
-2.250921
-2.227645
-2.201647
-2.184120
-2.163368
-2.139420
-2.120926
-2.101133
-2.078124
-2.058829
-2.039191
-2.016355
-1.996115
-1.976097
-1.953007
-1.931738
-1.911212
-1.887981
-1.865886
-1.844980
-1.821713
-1.799107
-1.777947
-1.754760
-1.731751
-1.710203
-1.686899
-1.663252
-1.641033
-1.617251
-1.592679
-1.569402
-1.544817
-1.519113
-1.494610
-1.469031
-1.442108
-1.416329
-1.389788
-1.361696
-1.334540
-1.306925
-1.277554
-1.248821
-1.219794
-1.188763
-1.158011
-1.127046
-1.093883
-1.060528
-1.027071
-0.991208
-0.954727
-0.918224
-0.879206
-0.839133
-0.799070
-0.756376
-0.712099
-0.667692
-0.620514
-0.571063
-0.521149
-0.468175
-0.412025
-0.354877
-0.294214
-0.229305
-0.162580
-0.091769
-0.015370
0.063939
0.148210
0.239797
0.336018
0.438651
0.551048
0.670820
0.799581
0.942024
1.096470
1.264605
1.453110
1.661718
1.893042
2.156945
2.456716
2.797713
3.196973
3.666807
4.222992
4.902476
5.748095
6.820520
8.242369
10.215754
13.120763
17.860760
26.983335
51.692116
372.874695
-76.809853
-35.899002
-23.861443
-18.112238
-14.731582
-12.505916
-10.936319
-9.761731
-8.849064
-8.125235
-7.531431
-7.034154
-6.616777
-6.257596
-5.943317
-5.670640
-5.429280
-5.211794
-5.018933
-4.845181
-4.685135
-4.540915
-4.409422
-4.286225
-4.173508
-4.069939
-3.971526
-3.880245
-3.795935
-3.714935
-3.638869
-3.568427
-3.500238
-3.435501
-3.375512
-3.317178
-3.261194
-3.209301
-3.158712
-3.109601
-3.063979
-3.019427
-2.975627
-2.934762
-2.894848
-2.855065
-2.817756
-2.781390
-2.744724
-2.710151
-2.676610
-2.642490
-2.610114
-2.578925
-2.546955
-2.516372
-2.487092
-2.456849
-2.427543
-2.399603
-2.370527
-2.341863
-2.314577
-2.286012
-2.257352
-2.230065
-2.201453
-2.172256
-2.144413
-2.115315
-2.085141
-2.056247
-2.026164
-1.994404
-1.963752
-1.931847
-1.897494
-1.863787
-1.828640
-1.790022
-1.751233
-1.710602
-1.665161
-1.618288
-1.568842
-1.512652
-1.453001
-1.389220
-1.315563
-1.234583
-1.145852
-1.040902
-0.920115
-0.781989
-0.611986
-0.403145
-0.145923
0.195589
0.664616
1.335834
2.414141
4.420289
9.389568
44.195412
-25.440994
-11.477249
-7.985442
-6.404444
-5.488793
-4.894217
-4.482527
-4.171658
-3.930368
-3.742819
-3.586661
-3.455160
-3.347786
-3.253951
-3.170787
-3.101115
-3.038619
-2.980932
-2.931781
-2.887095
-2.844469
-2.807591
-2.773980
-2.741025
-2.712196
-2.686132
-2.660053
-2.637051
-2.616621
-2.595893
-2.577422
-2.561455
-2.545040
-2.530181
-2.517732
-2.504756
-2.492743
-2.483005
-2.472784
-2.463016
-2.455446
-2.447541
-2.439758
-2.434130
-2.428446
-2.422622
-2.418965
-2.415556
-2.411834
-2.410204
-2.409129
-2.407560
-2.407928
-2.409134
-2.409691
-2.411969
-2.415380
-2.418061
-2.422301
-2.428010
-2.433043
-2.439520
-2.447903
-2.455807
-2.465099
-2.476762
-2.488260
-2.501044
-2.516704
-2.532560
-2.549647
-2.570067
-2.591182
-2.613509
-2.639756
-2.667418
-2.696510
-2.730319
-2.766737
-2.805160
-2.849576
-2.898403
-2.950475
-3.010507
-3.077782
-3.150599
-3.234666
-3.330686
-3.436761
-3.560217
-3.704581
-3.868912
-4.064274
-4.300752
-4.582976
-4.933722
-5.384290
-5.968297
-6.766316
-7.930901
-9.753232
-13.033587
-20.725775
-59.145878
56.095085
17.719175
10.038249
6.740387
4.920107
3.760306
2.952587
2.366792
1.918861
1.561307
1.276102
1.041455
0.841100
0.673368
0.530319
0.402951
0.293042
0.197450
0.109792
0.032251
-0.035888
-0.099874
-0.157745
-0.208909
-0.257795
-0.302971
-0.342982
-0.381621
-0.418044
-0.450226
-0.481441
-0.511444
-0.537866
-0.563478
-0.588627
-0.610791
-0.632208
-0.653774
-0.672909
-0.691330
-0.710348
-0.727450
-0.743785
-0.761027
-0.776774
-0.791602
-0.807504
-0.822253
-0.835909
-0.850689
-0.864678
-0.877423
-0.891330
-0.904845
-0.917069
-0.930484
-0.943969
-0.956178
-0.969606
-0.983568
-0.996299
-1.010180
-1.025025
-1.038677
-1.053347
-1.069346
-1.084221
-1.099931
-1.117378
-1.133887
-1.151098
-1.170534
-1.189407
-1.208953
-1.231345
-1.253774
-1.276960
-1.303745
-1.331379
-1.359986
-1.393072
-1.428130
-1.464597
-1.506742
-1.552554
-1.600771
-1.656642
-1.719105
-1.786323
-1.864991
-1.955908
-2.057214
-2.178320
-2.324191
-2.495274
-2.708339
-2.981086
-3.328810
-3.801396
-4.484534
-5.528426
-7.355516
-11.399786
-27.516504
53.037380
12.793606
7.030148
4.719219
3.485866
2.710568
2.176182
1.794314
1.502585
1.270005
1.087184
0.936362
0.806905
0.700166
0.608700
0.526198
0.456039
0.394774
0.337450
0.287547
0.243711
0.201609
0.164240
0.131562
0.099605
0.070723
0.045745
0.020973
-0.001889
-0.021425
-0.041001
-0.059605
-0.075349
-0.091234
-0.106845
-0.119964
-0.133178
-0.146606
-0.157811
-0.168917
-0.180555
-0.190183
-0.199454
-0.209477
-0.217727
-0.225380
-0.233977
-0.241105
-0.247449
-0.254924
-0.261293
-0.266726
-0.273420
-0.279361
-0.284208
-0.290316
-0.295989
-0.300370
-0.305915
-0.311288
-0.315177
-0.320053
-0.325067
-0.328449
-0.332658
-0.337367
-0.340408
-0.344137
-0.348759
-0.351777
-0.355295
-0.360115
-0.363404
-0.366919
-0.372064
-0.375757
-0.379294
-0.384725
-0.388810
-0.392296
-0.397959
-0.402528
-0.406069
-0.412173
-0.417657
-0.421777
-0.428950
-0.436329
-0.442054
-0.451504
-0.462329
-0.471330
-0.485013
-0.502037
-0.517524
-0.539717
-0.569715
-0.600943
-0.646177
-0.715295
-0.807455
-0.968640
-1.324291
-2.479555
10.252775
1.194339
0.479785
0.215166
0.088809
0.005096
-0.053845
-0.089643
-0.119948
-0.146425
-0.163104
-0.178535
-0.194278
-0.204202
-0.213387
-0.224034
-0.230652
-0.236345
-0.243824
-0.248390
-0.251770
-0.257039
-0.260271
-0.262164
-0.265969
-0.268488
-0.269588
-0.272536
-0.274818
-0.275579
-0.278000
-0.280199
-0.280780
-0.282715
-0.284756
-0.285072
-0.286406
-0.288117
-0.288106
-0.288803
-0.290178
-0.289910
-0.290127
-0.291300
-0.291027
-0.290980
-0.292147
-0.292044
-0.291896
-0.293088
-0.293178
-0.292893
-0.293978
-0.294119
-0.293557
-0.294356
-0.294429
-0.293520
-0.293966
-0.293991
-0.292845
-0.293043
-0.293185
-0.292027
-0.292150
-0.292574
-0.291550
-0.291636
-0.292324
-0.291400
-0.291305
-0.292084
-0.291095
-0.290600
-0.291280
-0.290129
-0.289152
-0.289716
-0.288540
-0.287199
-0.287834
-0.286926
-0.285459
-0.286379
-0.285992
-0.284480
-0.285694
-0.285835
-0.284076
-0.285275
-0.285755
-0.283301
-0.284075
-0.284748
-0.281227
-0.281309
-0.282546
-0.277777
-0.277210
-0.280496
-0.274253
-0.273023
-0.285126
-0.276480
-10.146523
-0.241593
-0.263965
-0.269494
-0.262430
-0.266598
-0.270153
-0.266401
-0.268042
-0.270760
-0.268050
-0.268235
-0.270076
-0.267646
-0.266765
-0.267884
-0.265672
-0.264202
-0.264970
-0.263212
-0.261652
-0.262410
-0.261292
-0.259885
-0.260721
-0.260146
-0.258842
-0.259568
-0.259264
-0.257853
-0.258240
-0.257965
-0.256344
-0.256311
-0.256027
-0.254307
-0.254001
-0.253862
-0.252270
-0.251900
-0.252050
-0.250749
-0.250402
-0.250823
-0.249787
-0.249355
-0.249870
-0.248939
-0.248264
-0.248683
-0.247757
-0.246787
-0.247080
-0.246222
-0.245082
-0.245373
-0.244776
-0.243681
-0.244112
-0.243928
-0.242975
-0.243552
-0.243745
-0.242874
-0.243423
-0.243842
-0.242908
-0.243268
-0.243788
-0.242762
-0.242909
-0.243615
-0.242672
-0.242780
-0.243912
-0.243359
-0.243665
-0.245439
-0.245498
-0.246092
-0.248556
-0.249277
-0.250064
-0.253122
-0.254481
-0.255373
-0.259048
-0.261267
-0.262542
-0.267327
-0.271283
-0.273855
-0.281077
-0.288690
-0.294631
-0.307188
-0.322733
-0.337198
-0.363209
-0.400672
-0.445380
-0.529021
-0.696853
-1.111398
-6.655950
1.135670
0.401719
0.192523
0.101394
0.039034
0.000015
-0.021380
-0.042262
-0.058204
-0.066107
-0.075756
-0.084595
-0.088257
-0.093575
-0.099600
-0.101776
-0.105058
-0.109683
-0.111196
-0.113189
-0.116758
-0.117742
-0.118652
-0.121231
-0.121724
-0.121737
-0.123493
-0.123688
-0.123146
-0.124396
-0.124594
-0.123865
-0.124889
-0.125306
-0.124590
-0.125475
-0.126078
-0.125356
-0.125974
-0.126590
-0.125717
-0.125923
-0.126404
-0.125333
-0.125109
-0.125469
-0.124328
-0.123832
-0.124229
-0.123241
-0.122658
-0.123223
-0.122514
-0.121906
-0.122595
-0.122103
-0.121367
-0.121990
-0.121565
-0.120553
-0.120949
-0.120509
-0.119205
-0.119375
-0.119020
-0.117594
-0.117687
-0.117629
-0.116295
-0.116452
-0.116815
-0.115667
-0.115859
-0.116579
-0.115515
-0.115533
-0.116401
-0.115269
-0.114896
-0.115812
-0.114599
-0.113843
-0.114931
-0.113923
-0.113037
-0.114655
-0.114307
-0.113612
-0.116138
-0.116873
-0.116514
-0.120169
-0.122312
-0.122296
-0.127376
-0.131703
-0.132471
-0.140615
-0.150689
-0.156342
-0.178193
-0.221316
-0.297881
-0.949581
0.378968
0.087079
0.025805
0.004780
-0.017055
-0.027485
-0.030104
-0.038140
-0.043168
-0.043314
-0.047587
-0.051091
-0.050584
-0.052941
-0.055497
-0.054533
-0.055456
-0.057171
-0.055829
-0.055704
-0.056813
-0.055373
-0.054658
-0.055529
-0.054323
-0.053441
-0.054319
-0.053520
-0.052619
-0.053494
-0.053012
-0.051997
-0.052677
-0.052274
-0.050990
-0.051284
-0.050827
-0.049255
-0.049171
-0.048721
-0.047033
-0.046740
-0.046469
-0.044893
-0.044550
-0.044547
-0.043177
-0.042783
-0.042982
-0.041718
-0.041121
-0.041307
-0.040002
-0.039054
-0.039083
-0.037701
-0.036400
-0.036305
-0.034971
-0.033474
-0.033401
-0.032307
-0.030785
-0.030824
-0.030047
-0.028523
-0.028569
-0.028004
-0.026317
-0.026147
-0.025597
-0.023581
-0.023000
-0.022375
-0.020019
-0.019029
-0.018444
-0.015938
-0.014685
-0.014345
-0.011899
-0.010475
-0.010456
-0.008084
-0.006290
-0.006360
-0.003772
-0.001094
-0.000775
0.002509
0.006778
0.008045
0.012515
0.019241
0.022129
0.028546
0.039554
0.046060
0.057550
0.080613
0.102923
0.145510
0.269671
0.804533
-0.796852
-0.292342
-0.177006
-0.124601
-0.105995
-0.088739
-0.073577
-0.068708
-0.062199
-0.053742
-0.051130
-0.047578
-0.041398
-0.039241
-0.036989
-0.032127
-0.030251
-0.028966
-0.025244
-0.023721
-0.023234
-0.020481
-0.019208
-0.019207
-0.017076
-0.015777
-0.015864
-0.014001
-0.012436
-0.012365
-0.010610
-0.008766
-0.008534
-0.006979
-0.005056
-0.004820
-0.003642
-0.001843
-0.001727
-0.000983
0.000645
0.000719
0.001161
0.002742
0.002974
0.003325
0.005015
0.005556
0.005931
0.007728
0.008555
0.008887
0.010632
0.011593
0.011725
0.013228
0.014186
0.014059
0.015282
0.016262
0.016010
0.017055
0.018238
0.018070
0.019104
0.020625
0.020668
0.021710
0.023534
0.023733
0.024616
0.026545
0.026739
0.027262
0.029116
0.029234
0.029333
0.031133
0.031332
0.031172
0.033123
0.033716
0.033540
0.035861
0.037114
0.037017
0.039700
0.041631
0.041436
0.044220
0.046715
0.046097
0.048701
0.051854
0.050735
0.053287
0.058104
0.057186
0.060975
0.071320
0.074461
0.087623
0.135082
0.255063
-0.373787
-0.086193
-0.025655
-0.000827
0.003426
0.013877
0.022959
0.023640
0.028245
0.034022
0.034105
0.036299
0.040337
0.040089
0.040857
0.043791
0.043489
0.043538
0.045930
0.045949
0.045836
0.048106
0.048651
0.048637
0.050872
0.051860
0.051889
0.053911
0.055073
0.054951
0.056550
0.057670
0.057314
0.058451
0.059533
0.059081
0.059936
0.061125
0.060811
0.061586
0.063024
0.062994
0.063745
0.065398
0.065587
0.066214
0.067885
0.068136
0.068471
0.069974
0.070197
0.070203
0.071530
0.071799
0.071624
0.072902
0.073407
0.073246
0.074596
0.075456
0.075389
0.076793
0.077935
0.077863
0.079127
0.080374
0.080151
0.081082
0.082318
0.081904
0.082490
0.083769
0.083332
0.083725
0.085252
0.085045
0.085421
0.087335
0.087491
0.087830
0.090051
0.090480
0.090553
0.092816
0.093318
0.092836
0.094925
0.095458
0.094331
0.096309
0.097195
0.095660
0.097897
0.099842
0.098283
0.101314
0.105341
0.104076
0.108559
0.116858
0.116672
0.125918
0.154641
0.191197
-0.323622
0.021647
0.070708
0.085168
0.084179
0.092083
0.096834
0.094297
0.097136
0.100027
0.097799
0.099018
0.101491
0.100038
0.100813
0.103379
0.102781
0.103446
0.106088
0.106081
0.106544
0.108974
0.109177
0.109230
0.111211
0.111415
0.111050
0.112595
0.112867
0.112311
0.113629
0.114165
0.113681
0.114986
0.115910
0.115629
0.116925
0.118145
0.117976
0.119085
0.120388
0.120167
0.120933
0.122151
0.121821
0.122232
0.123391
0.123088
0.123298
0.124544
0.124463
0.124654
0.126086
0.126323
0.126514
0.128066
0.128537
0.128605
0.130074
0.130611
0.130418
0.131636
0.132173
0.131706
0.132701
0.133339
0.132782
0.133694
0.134634
0.134188
0.135144
0.136477
0.136206
0.137128
0.138743
0.138517
0.139175
0.140860
0.140499
0.140677
0.142290
0.141790
0.141484
0.143148
0.142772
0.142191
0.144197
0.144321
0.143659
0.146217
0.147072
0.146255
0.149274
0.150831
0.149349
0.152455
0.154623
0.151621
0.154445
0.157818
0.151869
0.154497
0.164238
0.147968
-0.472176
0.128615
0.151969
0.151667
0.144785
0.150256
0.151670
0.148044
0.151296
0.153573
0.151616
0.154029
0.156640
0.155481
0.157120
0.159544
0.158600
0.159396
0.161381
0.160466
0.160572
0.162224
0.161472
0.161269
0.162850
0.162523
0.162322
0.164021
0.164207
0.164100
0.165846
0.166394
0.166244
0.167811
0.168478
0.168125
0.169331
0.169979
0.169409
0.170286
0.170985
0.170382
0.171098
0.172018
0.171590
0.172297
0.173510
0.173326
0.173995
0.175398
0.175354
0.175834
0.177218
0.177156
0.177303
0.178549
0.178447
0.178295
0.179444
0.179456
0.179169
0.180377
0.180689
0.180440
0.181774
0.182453
0.182247
0.183609
0.184532
0.184212
0.185370
0.186350
0.185772
0.186574
0.187563
0.186766
0.187260
0.188407
0.187632
0.188004
0.189558
0.189053
0.189427
0.191493
0.191321
0.191557
0.193976
0.193954
0.193677
0.196144
0.196056
0.194885
0.197259
0.197171
0.194950
0.197516
0.198063
0.194861
0.198471
0.201244
0.196940
0.204023
0.216154
0.212721
0.395363
0.134275
0.184250
0.188241
0.186673
0.196133
0.198316
0.196402
0.201181
0.202961
0.200956
0.203495
0.204871
0.202822
0.204105
0.205361
0.203601
0.204352
0.205820
0.204654
0.205292
0.207098
0.206537
0.207121
0.209085
0.208887
0.209226
0.211039
0.210937
0.210872
0.212361
0.212263
0.211850
0.213084
0.213121
0.212599
0.213769
0.214125
0.213705
0.214924
0.215665
0.215383
0.216576
0.217550
0.217273
0.218246
0.219252
0.218845
0.219474
0.220426
0.219916
0.220246
0.221231
0.220790
0.221000
0.222167
0.221983
0.222196
0.223588
0.223688
0.223857
0.225345
0.225602
0.225557
0.226917
0.227189
0.226812
0.227944
0.228231
0.227591
0.228577
0.229065
0.228374
0.229385
0.230276
0.229705
0.230800
0.232134
0.231677
0.232683
0.234297
0.233730
0.234359
0.236025
0.235200
0.235247
0.236947
0.235954
0.235489
0.237501
0.236724
0.235990
0.238783
0.238716
0.237839
0.241807
0.242817
0.241443
0.246910
0.249502
0.246443
0.254915
0.263145
0.256279
0.337883
0.184096
0.239229
0.237615
0.235402
0.243474
0.242323
0.239225
0.243039
0.242769
0.240207
0.242787
0.243445
0.241693
0.243872
0.245276
0.244181
0.246016
0.247746
0.246920
0.248210
0.249850
0.249007
0.249642
0.251039
0.250162
0.250304
0.251581
0.250888
0.250839
0.252209
0.251917
0.251890
0.253428
0.253549
0.253532
0.255096
0.255459
0.255300
0.256660
0.257062
0.256647
0.257687
0.258096
0.257485
0.258289
0.258829
0.258223
0.258971
0.259793
0.259365
0.260126
0.261247
0.261001
0.261681
0.262947
0.262738
0.263155
0.264378
0.264093
0.264153
0.265261
0.264956
0.264752
0.265867
0.265736
0.265449
0.266718
0.266940
0.266686
0.268120
0.268688
0.268391
0.269811
0.270564
0.270027
0.271180
0.271965
0.271066
0.271865
0.272717
0.271585
0.272141
0.273334
0.272255
0.272784
0.274601
0.273814
0.274355
0.276881
0.276336
0.276576
0.279623
0.279033
0.278371
0.281709
0.280825
0.278540
0.282400
0.281457
0.276523
0.282569
0.283635
0.270367
0.301633
0.239677
0.281826
0.272079
0.270295
0.278368
0.276278
0.274879
0.280107
0.280125
0.279119
0.282995
0.283720
0.282645
0.285331
0.286106
0.284746
0.286400
0.287098
0.285605
0.286608
0.287416
0.286125
0.286884
0.288039
0.287177
0.287907
0.289399
0.288941
0.289559
0.291169
0.290897
0.291211
0.292673
0.292408
0.292323
0.293550
0.293302
0.292939
0.294046
0.293987
0.293575
0.294729
0.295022
0.294708
0.295933
0.296569
0.296309
0.297471
0.298274
0.297923
0.298835
0.299637
0.299108
0.299691
0.300484
0.299873
0.300234
0.301159
0.300670
0.300981
0.302170
0.301949
0.302258
0.303697
0.303711
0.303911
0.305405
0.305498
0.305387
0.306745
0.306816
0.306336
0.307521
0.307667
0.306954
0.308118
0.308590
0.307873
0.309192
0.310190
0.309602
0.311057
0.312578
0.311985
0.313316
0.315161
0.314313
0.315184
0.317210
0.315981
0.316265
0.318687
0.317357
0.317253
0.320831
0.320132
0.320136
0.326420
0.327822
0.328908
0.342671
0.353212
0.366856
0.488656
-0.029987
0.248607
0.269028
0.283493
0.298796
0.299800
0.302019
0.308728
0.308517
0.308181
0.311991
0.311642
0.310485
0.313042
0.313067
0.311899
0.314017
0.314668
0.313818
0.315767
0.316928
0.316323
0.317981
0.319318
0.318721
0.319872
0.321112
0.320365
0.320970
0.322067
0.321280
0.321520
0.322635
0.322044
0.322181
0.323467
0.323232
0.323380
0.324839
0.324914
0.324990
0.326428
0.326634
0.326467
0.327693
0.327900
0.327441
0.328406
0.328648
0.328030
0.328849
0.329297
0.328728
0.329555
0.330327
0.329915
0.330752
0.331804
0.331483
0.332177
0.333323
0.332943
0.333309
0.334395
0.333894
0.333903
0.334939
0.334448
0.334237
0.335384
0.335135
0.334880
0.336274
0.336402
0.336143
0.337720
0.338151
0.337709
0.339217
0.339758
0.338917
0.340118
0.340677
0.339352
0.340209
0.340957
0.339346
0.340073
0.341406
0.339840
0.340644
0.342938
0.341559
0.342337
0.345760
0.344327
0.344436
0.349032
0.346857
0.344807
0.351319
0.347018
0.336233
0.351748
0.396807
0.374011
0.350075
0.350046
0.354761
0.348195
0.347100
0.350462
0.347347
0.346389
0.349463
0.348233
0.347603
0.350521
0.350358
0.349803
0.352302
0.352544
0.351747
0.353588
0.353874
0.352754
0.353973
0.354294
0.353072
0.353929
0.354498
0.353460
0.354235
0.355180
0.354485
0.355239
0.356486
0.356036
0.356631
0.357934
0.357546
0.357796
0.358965
0.358528
0.358409
0.359433
0.359042
0.358712
0.359729
0.359588
0.359253
0.360382
0.360592
0.360319
0.361527
0.362011
0.361703
0.362799
0.363385
0.362891
0.363706
0.364281
0.363585
0.364108
0.364737
0.363989
0.364365
0.365213
0.364618
0.364991
0.366162
0.365814
0.366151
0.367554
0.367354
0.367468
0.368888
0.368663
0.368367
0.369633
0.369350
0.368626
0.369795
0.369651
0.368694
0.369967
0.370259
0.369287
0.370815
0.371722
0.370741
0.372397
0.373836
0.372555
0.373937
0.375678
0.373668
0.374314
0.376314
0.373289
0.372913
0.375750
0.371648
0.369966
0.375588
0.369989
0.364271
0.385641
0.717023
0.386194
0.365385
0.371657
0.377805
0.372745
0.374979
0.379638
0.377353
0.378284
0.381866
0.380418
0.380331
0.382891
0.381710
0.380882
0.382719
0.381834
0.380734
0.382269
0.381920
0.380942
0.382472
0.382735
0.382010
0.383522
0.384227
0.383611
0.384892
0.385731
0.385014
0.385865
0.386648
0.385784
0.386225
0.386979
0.386126
0.386344
0.387251
0.386627
0.386815
0.387960
0.387660
0.387840
0.389141
0.389067
0.389095
0.390348
0.390323
0.390064
0.391110
0.391073
0.390532
0.391393
0.391458
0.390800
0.391626
0.391969
0.391387
0.392272
0.392967
0.392501
0.393376
0.394313
0.393841
0.394505
0.395492
0.394865
0.395164
0.396102
0.395341
0.395293
0.396276
0.395577
0.395361
0.396595
0.396191
0.395949
0.397518
0.397491
0.397160
0.398909
0.399112
0.398419
0.400049
0.400280
0.398947
0.400248
0.400502
0.398486
0.399516
0.400145
0.397677
0.398727
0.400357
0.397653
0.398922
0.402287
0.399078
0.400163
0.406440
0.400902
0.398833
0.416108
0.345569
0.432527
0.405617
0.413455
0.416640
0.409703
0.411667
0.413944
0.409573
0.409758
0.411551
0.408519
0.408160
0.409980
0.408143
0.407812
0.409867
0.409028
0.408807
0.410925
0.410692
0.410341
0.412199
0.412167
0.411498
0.412882
0.412871
0.411901
0.412878
0.412990
0.411955
0.412767
0.413183
0.412336
0.413142
0.413942
0.413339
0.414103
0.415148
0.414664
0.415209
0.416267
0.415735
0.415922
0.416860
0.416271
0.416136
0.417015
0.416522
0.416241
0.417216
0.417000
0.416733
0.417864
0.417979
0.417718
0.418898
0.419216
0.418821
0.419838
0.420197
0.419535
0.420268
0.420622
0.419748
0.420241
0.420731
0.419833
0.420261
0.421058
0.420333
0.420762
0.421922
0.421375
0.421701
0.423054
0.422528
0.422494
0.423810
0.423133
0.422555
0.423726
0.422955
0.421873
0.423042
0.422455
0.421080
0.422500
0.422425
0.420875
0.422622
0.423168
0.421181
0.422917
0.423844
0.420614
0.421514
0.422319
0.416195
0.414559
0.414152
0.399452
0.385613
0.365913
0.088876
0.606129
0.485301
0.472330
0.462412
0.449250
0.448757
0.447940
0.442251
0.442831
0.444116
0.441117
0.441810
0.443723
0.441883
0.442189
0.443992
0.442553
0.442262
0.443694
0.442436
0.441689
0.442871
0.441928
0.441058
0.442243
0.441826
0.441094
0.442398
0.442516
0.441942
0.443247
0.443693
0.443097
0.444174
0.444690
0.443926
0.444625
0.445133
0.444234
0.444633
0.445216
0.444379
0.444663
0.445488
0.444901
0.445192
0.446287
0.445965
0.446212
0.447432
0.447246
0.447274
0.448412
0.448225
0.447928
0.448900
0.448722
0.448174
0.449054
0.449051
0.448453
0.449398
0.449736
0.449224
0.450276
0.450976
0.450515
0.451531
0.452438
0.451870
0.452617
0.453556
0.452774
0.453144
0.454106
0.453201
0.453286
0.454465
0.453702
0.453721
0.455337
0.454962
0.454994
0.457099
0.457126
0.456990
0.459379
0.459628
0.458955
0.461357
0.461688
0.460194
0.462569
0.463283
0.461027
0.463894
0.466085
0.463561
0.468439
0.475300
0.474385
0.488591
0.526554
0.623143
0.271205
0.378673
0.420160
0.431518
0.432635
0.442338
0.446756
0.445613
0.450099
0.452851
0.451136
0.453244
0.455131
0.453284
0.454153
0.455744
0.454207
0.454614
0.456301
0.455357
0.455671
0.457567
0.457176
0.457402
0.459298
0.459196
0.459138
0.460765
0.460695
0.460248
0.461495
0.461429
0.460698
0.461678
0.461784
0.461024
0.461940
0.462380
0.461773
0.462717
0.463494
0.463030
0.463884
0.464830
0.464361
0.464936
0.465855
0.465272
0.465485
0.466325
0.465689
0.465633
0.466502
0.466010
0.465872
0.466918
0.466719
0.466592
0.467814
0.467891
0.467698
0.468925
0.469143
0.468697
0.469725
0.469933
0.469183
0.469948
0.470192
0.469236
0.469851
0.470336
0.469395
0.470022
0.470913
0.470141
0.470787
0.472070
0.471383
0.471832
0.473291
0.472479
0.472425
0.473836
0.472771
0.472050
0.473435
0.472259
0.470971
0.472605
0.471724
0.470058
0.472301
0.472109
0.469978
0.472940
0.473546
0.469995
0.473227
0.474310
0.465788
0.466753
0.464894
0.394007
0.630264
0.508359
0.509990
0.500037
0.490920
0.493810
0.491294
0.486055
0.487754
0.487123
0.483583
0.484929
0.485483
0.483197
0.484454
0.485773
0.484301
0.485323
0.486881
0.485753
0.486279
0.487685
0.486598
0.486555
0.487710
0.486691
0.486268
0.487336
0.486598
0.486104
0.487274
0.486992
0.486584
0.487894
0.488010
0.487635
0.488878
0.489207
0.488685
0.489679
0.490021
0.489279
0.489940
0.490303
0.489437
0.489890
0.490407
0.489640
0.490046
0.490855
0.490317
0.490732
0.491795
0.491443
0.491741
0.492879
0.492557
0.492561
0.493596
0.493226
0.492884
0.493798
0.493465
0.492902
0.493826
0.493731
0.493154
0.494217
0.494502
0.493978
0.495150
0.495764
0.495183
0.496246
0.497003
0.496172
0.496901
0.497668
0.496523
0.496858
0.497730
0.496447
0.496553
0.497823
0.496702
0.496772
0.498655
0.497915
0.497902
0.500414
0.499943
0.499451
0.502323
0.501811
0.500179
0.503159
0.502438
0.498843
0.502132
0.501627
0.494396
0.499318
0.501641
0.471637
0.520736
0.490602
0.506353
0.499165
0.494951
0.501271
0.500062
0.497758
0.502101
0.502584
0.500975
0.504098
0.505039
0.503488
0.505455
0.506327
0.504620
0.505643
0.506399
0.504707
0.505190
0.506075
0.504715
0.505042
0.506241
0.505382
0.505700
0.507159
0.506697
0.506893
0.508359
0.508049
0.507923
0.509176
0.508872
0.508383
0.509375
0.509118
0.508429
0.509310
0.509297
0.508628
0.509546
0.509898
0.509362
0.510315
0.510967
0.510479
0.511303
0.512069
0.511492
0.512007
0.512731
0.512010
0.512200
0.512913
0.512173
0.512169
0.513018
0.512468
0.512426
0.513518
0.513272
0.513218
0.514489
0.514458
0.514249
0.515484
0.515502
0.514959
0.515988
0.515988
0.515090
0.515910
0.516027
0.514947
0.515727
0.516209
0.515182
0.516052
0.517050
0.516136
0.517019
0.518437
0.517461
0.518021
0.519614
0.518303
0.518182
0.519799
0.518047
0.517082
0.518917
0.516983
0.515243
0.517885
0.516286
0.513704
0.518010
0.517275
0.512477
0.520044
0.521022
0.498349
0.864740
0.519065
0.536016
0.526960
0.525013
0.531646
0.528956
0.526813
0.530503
0.529014
0.526598
0.528763
0.527893
0.525559
0.527070
0.526907
0.525033
0.526383
0.526952
0.525635
0.526911
0.527980
0.527005
0.528006
0.529198
0.528282
0.528798
0.529852
0.528866
0.528907
0.529837
0.528917
0.528692
0.529662
0.529031
0.528776
0.529926
0.529691
0.529481
0.530742
0.530816
0.530530
0.531701
0.531877
0.531364
0.532270
0.532446
0.531692
0.532336
0.532581
0.531746
0.532273
0.532754
0.532039
0.532581
0.533377
0.532856
0.533380
0.534410
0.533978
0.534306
0.535365
0.534882
0.534856
0.535817
0.535262
0.534895
0.535811
0.535336
0.534803
0.535840
0.535673
0.535141
0.536391
0.536627
0.536081
0.537426
0.537949
0.537202
0.538370
0.538978
0.537821
0.538600
0.539236
0.537668
0.538084
0.538982
0.537253
0.537522
0.539088
0.537524
0.537800
0.540351
0.539053
0.539097
0.542705
0.541359
0.540292
0.544939
0.542839
0.538513
0.544898
0.540130
0.516134
0.488003
0.560573
0.565011
0.548860
0.546011
0.550247
0.544862
0.542654
0.545793
0.543393
0.541801
0.544670
0.543942
0.542844
0.545459
0.545606
0.544636
0.546724
0.547138
0.545970
0.547362
0.547735
0.546359
0.547155
0.547583
0.546205
0.546707
0.547386
0.546304
0.546752
0.547778
0.547067
0.547486
0.548731
0.548261
0.548476
0.549696
0.549266
0.549130
0.550154
0.549704
0.549238
0.550109
0.549753
0.549147
0.550011
0.549946
0.549388
0.550345
0.550636
0.550152
0.551124
0.551649
0.551120
0.551909
0.552487
0.551775
0.552245
0.552797
0.551929
0.552106
0.552719
0.551873
0.551927
0.552771
0.552143
0.552184
0.553311
0.552942
0.552909
0.554186
0.553932
0.553622
0.554811
0.554534
0.553771
0.554744
0.554433
0.553274
0.554110
0.553994
0.552644
0.553547
0.553903
0.552549
0.553587
0.554518
0.553081
0.554014
0.555328
0.553434
0.553746
0.555121
0.552274
0.551336
0.552624
0.548343
0.545431
0.546741
0.540081
0.532803
0.533153
0.516195
0.474114
0.310898
0.693392
0.623648
0.589354
0.582622
0.583501
0.576038
0.574520
0.577321
0.574146
0.573073
0.575537
0.573638
0.572228
0.573984
0.572583
0.570860
0.572102
0.571175
0.569485
0.570563
0.570276
0.568909
0.570037
0.570373
0.569358
0.570448
0.571169
0.570288
0.571102
0.571901
0.570954
0.571343
0.572061
0.571037
0.571057
0.571767
0.570846
0.570715
0.571577
0.570969
0.570841
0.571929
0.571655
0.571522
0.572694
0.572635
0.572341
0.573384
0.573361
0.572788
0.573591
0.573573
0.572775
0.573397
0.573524
0.572687
0.573279
0.573709
0.573001
0.573636
0.574397
0.573820
0.574389
0.575332
0.574742
0.575040
0.575973
0.575243
0.575146
0.576003
0.575197
0.574770
0.575685
0.575022
0.574461
0.575613
0.575297
0.574717
0.576130
0.576189
0.575464
0.576923
0.577169
0.575998
0.577173
0.577406
0.575546
0.576241
0.576500
0.573952
0.574233
0.574880
0.571850
0.571891
0.573450
0.569942
0.569494
0.572287
0.567261
0.564282
0.567626
0.554057
0.528227
0.467864
0.740188
0.649474
0.614820
0.611074
0.610725
0.601949
0.600602
0.601772
0.596832
0.595386
0.596680
0.593564
0.592264
0.593824
0.592111
0.591169
0.593012
0.592343
0.591636
0.593506
0.593405
0.592654
0.594192
0.594264
0.593267
0.594334
0.594449
0.593271
0.593988
0.594271
0.593166
0.593770
0.594398
0.593571
0.594193
0.595187
0.594648
0.595221
0.596397
0.595992
0.596330
0.597467
0.597044
0.597035
0.598050
0.597639
0.597377
0.598359
0.598134
0.597817
0.598920
0.599041
0.598807
0.600061
0.600531
0.600345
0.601612
0.602294
0.602003
0.603088
0.603830
0.603353
0.604179
0.604987
0.604418
0.605091
0.606134
0.605714
0.606416
0.607875
0.607779
0.608578
0.610478
0.610707
0.611482
0.613657
0.614069
0.614629
0.616897
0.617441
0.617720
0.620123
0.621003
0.621225
0.624088
0.625805
0.626413
0.630217
0.633398
0.634869
0.640107
0.645434
0.648262
0.655574
0.664275
0.669674
0.681124
0.697260
0.710565
0.735914
0.780379
0.840409
0.986561
1.615613
-1.394144
0.099307
0.296785
0.388713
0.437199
0.459773
0.481659
0.498590
0.506217
0.516076
0.525757
0.529653
0.535189
0.541829
0.544135
0.547269
0.551984
0.553294
0.554804
0.558156
0.558894
0.559409
0.561937
0.562552
0.562638
0.564786
0.565604
0.565602
0.567566
0.568628
0.568572
0.570260
0.571393
0.571146
0.572381
0.573384
0.572857
0.573580
0.574429
0.573727
0.574074
0.574921
0.574258
0.574433
0.575419
0.574972
0.575075
0.576204
0.575947
0.575898
0.576994
0.576772
0.576405
0.577282
0.576973
0.576221
0.576816
0.576469
0.575442
0.575858
0.575644
0.574531
0.574914
0.574957
0.573862
0.574186
0.574440
0.573260
0.573334
0.573588
0.572144
0.571716
0.571779
0.569951
0.568910
0.568756
0.566631
0.565050
0.564813
0.562577
0.560550
0.560296
0.558010
0.555405
0.554898
0.552278
0.548548
0.547173
0.543579
0.537806
0.534577
0.529035
0.519836
0.513247
0.504117
0.488755
0.475228
0.457717
0.427203
0.392410
0.341918
0.239788
0.043808
-0.602311
6.799090
1.493230
1.074060
0.935380
0.860120
0.807837
0.780091
0.759368
0.738795
0.727167
0.718094
0.706458
0.699546
0.694613
0.686879
0.682020
0.679210
0.673878
0.670338
0.668953
0.665401
0.662813
0.662371
0.660042
0.657997
0.657986
0.656371
0.654460
0.654470
0.653190
0.651239
0.651111
0.650102
0.648172
0.648001
0.647376
0.645667
0.645605
0.645457
0.644087
0.644136
0.644393
0.643274
0.643283
0.643720
0.642671
0.642446
0.642873
0.641807
0.641283
0.641679
0.640669
0.639980
0.640461
0.639703
0.639020
0.639705
0.639311
0.638683
0.639525
0.639432
0.638757
0.639554
0.639594
0.638695
0.639260
0.639319
0.638168
0.638476
0.638634
0.637372
0.637566
0.638021
0.636895
0.637113
0.638002
0.637102
0.637315
0.638572
0.637785
0.637742
0.639110
0.638237
0.637653
0.638955
0.637934
0.636725
0.638029
0.637108
0.635444
0.637104
0.636763
0.634875
0.637260
0.637986
0.635807
0.639059
0.641234
0.638010
0.642089
0.646782
0.640226
0.646271
0.669153
-0.912525
0.635262
0.627091
0.639665
0.638920
0.633141
0.636889
0.636762
0.632429
0.634100
0.634597
0.631477
0.632551
0.633700
0.631625
0.632456
0.634008
0.632569
0.633031
0.634536
0.633310
0.633182
0.634352
0.633110
0.632412
0.633234
0.632056
0.631019
0.631704
0.630814
0.629735
0.630452
0.629966
0.628963
0.629693
0.629514
0.628465
0.629005
0.628899
0.627646
0.627796
0.627601
0.626081
0.625810
0.625558
0.623897
0.623348
0.623158
0.621563
0.620875
0.620843
0.619376
0.618536
0.618554
0.617123
0.615962
0.615806
0.614209
0.612538
0.612008
0.610154
0.607926
0.607001
0.604951
0.602264
0.601020
0.598905
0.595862
0.594325
0.592146
0.588681
0.586636
0.584159
0.579978
0.577017
0.573846
0.568539
0.564205
0.559952
0.553178
0.547088
0.541433
0.532907
0.524624
0.517120
0.506280
0.494929
0.484500
0.469924
0.453459
0.437593
0.416069
0.390044
0.363195
0.327434
0.281495
0.229758
0.159692
0.062203
-0.064158
-0.255235
-0.577929
-1.177888
-2.811939
-24.298386
5.734736
3.003418
2.216707
1.832126
1.604783
1.464301
1.361581
1.282914
1.228119
1.182982
1.143744
1.115487
1.091079
1.067646
1.050543
1.035713
1.020164
1.008746
0.999232
0.988438
0.980515
0.974533
0.967117
0.961732
0.958298
0.953457
0.949903
0.948301
0.945337
0.943025
0.942606
0.940947
0.939420
0.939745
0.939066
0.938165
0.939110
0.939374
0.939168
0.940816
0.942141
0.942796
0.945237
0.947668
0.949236
0.952427
0.955864
0.958249
0.962019
0.966300
0.969403
0.973670
0.978741
0.982629
0.987493
0.993516
0.998450
1.004212
1.011469
1.017811
1.024777
1.033544
1.041574
1.049978
1.060401
1.070288
1.080291
1.092501
1.104493
1.116385
1.130751
1.145378
1.159827
1.177114
1.195333
1.213481
1.234895
1.258164
1.281576
1.308816
1.339051
1.369910
1.405339
1.445379
1.487000
1.534528
1.589256
1.647708
1.714761
1.793812
1.881424
1.983793
2.108238
2.253230
2.429137
2.653310
2.934664
3.303103
3.819414
4.568738
5.761220
7.997143
13.574828
52.526081
-25.446499
-9.847776
-5.934083
-4.167202
-3.158443
-2.498606
-2.042878
-1.708161
-1.445852
-1.241522
-1.077957
-0.938743
-0.823630
-0.727844
-0.642079
-0.568282
-0.505729
-0.447787
-0.396324
-0.352446
-0.310929
-0.273070
-0.240891
-0.210146
-0.181418
-0.157237
-0.134092
-0.111887
-0.093381
-0.075748
-0.058274
-0.043784
-0.030110
-0.016039
-0.004365
0.006424
0.017958
0.027549
0.036080
0.045497
0.053333
0.059886
0.067363
0.073579
0.078320
0.083968
0.088729
0.091902
0.095955
0.099532
0.101457
0.104209
0.106861
0.107812
0.109450
0.111277
0.111343
0.111818
0.112716
0.111766
0.110902
0.110631
0.108497
0.106103
0.104515
0.101121
0.097146
0.094193
0.089577
0.084044
0.079685
0.073814
0.066602
0.060574
0.053138
0.043784
0.035441
0.025732
0.013392
0.001733
-0.011289
-0.027781
-0.044117
-0.061850
-0.084086
-0.107007
-0.131574
-0.162189
-0.195091
-0.230648
-0.275043
-0.325233
-0.381134
-0.452102
-0.537444
-0.638243
-0.771653
-0.946921
-1.178012
-1.519893
-2.060947
-3.015692
-5.261089
-16.527063
17.167965
5.946435
3.712234
2.739908
2.200777
1.863477
1.622492
1.445224
1.314166
1.206205
1.117538
1.048010
0.986673
0.932630
0.889007
0.848989
0.811609
0.780795
0.751890
0.723490
0.699561
0.677002
0.653910
0.634075
0.615504
0.595941
0.578782
0.562959
0.545899
0.530556
0.516587
0.501232
0.486939
0.474008
0.459612
0.445671
0.433046
0.418971
0.404839
0.392026
0.377869
0.363285
0.350018
0.335619
0.320463
0.306596
0.291805
0.275930
0.261210
0.245727
0.228808
0.212784
0.196110
0.177630
0.159726
0.141280
0.120713
0.100379
0.079630
0.056514
0.033271
0.009738
-0.016377
-0.043065
-0.069986
-0.099747
-0.130723
-0.162033
-0.196579
-0.233159
-0.270408
-0.311406
-0.355503
-0.400837
-0.450593
-0.504748
-0.561015
-0.622604
-0.690332
-0.761546
-0.839504
-0.926146
-1.018643
-1.120440
-1.234965
-1.359687
-1.498447
-1.657058
-1.834112
-2.034715
-2.268898
-2.538584
-2.853180
-3.232167
-3.688604
-4.247593
-4.959517
-5.884886
-7.131294
-8.922476
-11.693189
-16.528313
-27.192636
-69.881271
143.453751
36.816982
21.597197
15.499059
12.223669
10.184749
8.784662
7.770232
7.005409
6.401332
5.915912
5.521156
5.188317
4.906006
4.667426
4.458747
4.275649
4.117598
3.976378
3.849501
3.738683
3.638562
3.546979
3.466444
3.393339
3.325395
3.265426
3.210990
3.159666
3.114216
3.073210
3.034091
2.999409
2.968564
2.938900
2.912683
2.890026
2.868213
2.849083
2.833356
2.818287
2.805313
2.795575
2.786423
2.778829
2.774316
2.770426
2.767584
2.767748
2.768643
2.770287
2.774889
2.780523
2.786711
2.795887
2.806506
2.817616
2.831761
2.847798
2.864348
2.883921
2.905883
2.928423
2.954011
2.982538
3.011834
3.044262
3.080303
3.117558
3.158209
3.203411
3.250628
3.301753
3.358681
3.418813
3.483705
3.556051
3.633328
3.716740
3.809856
3.910491
4.019503
4.141626
4.275457
4.421645
4.586681
4.770643
4.974773
5.208303
5.474489
5.776892
6.130334
6.545909
7.035079
7.628100
8.359406
9.272861
10.458301
12.057191
14.310038
17.743103
23.615353
35.874065
77.562622
-381.305664
-53.515751
-28.300333
-19.027378
-14.199857
-11.239067
-9.247772
-7.810021
-6.722137
-5.877699
-5.198635
-4.638650
-4.174950
-3.781626
-3.441187
-3.148627
-2.892721
-2.664058
-2.462734
-2.283353
-2.119469
-1.972635
-1.840380
-1.717543
-1.605949
-1.504826
-1.409663
-1.322073
-1.242388
-1.166616
-1.095957
-1.031451
-0.969634
-0.911193
-0.857760
-0.806303
-0.757052
-0.712040
-0.668658
-0.626652
-0.588306
-0.551431
-0.515327
-0.482341
-0.450804
-0.419482
-0.390778
-0.363462
-0.335932
-0.310514
-0.286511
-0.261974
-0.239095
-0.217730
-0.195674
-0.174893
-0.155763
-0.135930
-0.117035
-0.099952
-0.082191
-0.065000
-0.049726
-0.033793
-0.018022
-0.004166
0.010284
0.025025
0.037889
0.051194
0.065242
0.077409
0.089769
0.103198
0.114728
0.126090
0.138797
0.149643
0.159917
0.171828
0.182016
0.191223
0.202457
0.212257
0.220623
0.231493
0.241396
0.249306
0.260045
0.270416
0.278064
0.288736
0.299694
0.306700
0.317008
0.328420
0.334431
0.343456
0.355725
0.359499
0.365962
0.380785
0.378444
0.368104
202.728790
0.428234
0.434316
0.428031
0.438987
0.450512
0.453724
0.463526
0.475485
0.481845
0.491589
0.503948
0.511953
0.521724
0.534054
0.542983
0.552627
0.564771
0.574330
0.583906
0.596044
0.606342
0.616261
0.628734
0.640104
0.650903
0.664123
0.676799
0.688728
0.702905
0.716968
0.730061
0.745223
0.760603
0.774902
0.790970
0.807727
0.823355
0.840565
0.858896
0.876252
0.895055
0.915392
0.935007
0.955903
0.978756
1.001136
1.024654
1.050410
1.075911
1.102438
1.131405
1.160490
1.190445
1.223185
1.256523
1.290733
1.328089
1.366622
1.406251
1.449415
1.494601
1.541133
1.591761
1.645230
1.700508
1.760375
1.824275
1.890467
1.962066
2.038916
2.119165
2.205863
2.299668
2.398445
2.505287
2.621968
2.746192
2.881081
3.029513
3.189529
3.364389
3.558490
3.770529
4.004314
4.266709
4.557960
4.883584
5.254490
5.675041
6.155066
6.714215
7.367359
8.137423
9.067324
10.204442
11.620167
13.442813
15.865624
19.226772
24.221294
32.391647
48.106560
90.828003
646.690674
-131.528091
-60.820225
-40.056782
-30.130859
-24.326487
-20.530659
-17.850054
-15.862601
-14.338944
-13.129786
-12.150228
-11.347589
-10.674849
-10.104311
-9.620477
-9.202800
-8.838851
-8.524318
-8.248422
-8.003956
-7.790759
-7.602713
-7.434673
-7.287971
-7.159184
-7.044003
-6.944388
-6.858471
-6.782410
-6.718237
-6.665142
-6.619633
-6.583418
-6.556683
-6.536143
-6.523142
-6.518588
-6.519449
-6.526703
-6.541832
-6.562160
-6.588151
-6.621838
-6.660804
-6.705185
-6.757205
-6.814872
-6.877868
-6.948704
-7.025747
-7.108304
-7.198911
-7.296542
-7.400090
-7.512276
-7.632538
-7.759561
-7.896060
-8.042138
-8.196234
-8.361099
-8.537513
-8.723811
-8.922678
-9.135618
-9.361045
-9.601453
-9.859283
-10.133003
-10.425255
-10.739309
-11.074280
-11.432703
-11.819355
-12.234038
-12.679785
-13.163092
-13.685253
-14.250272
-14.867014
-15.539402
-16.273621
-17.082319
-17.974182
-18.959755
-20.058920
-21.289644
-22.672380
-24.241968
-26.036564
-28.101818
-30.509199
-33.349880
-36.742012
-40.869965
-46.001167
-52.535114
-61.143936
-73.002319
-90.341507
-118.103516
-169.713287
-298.765411
-1202.315430
604.962219
243.535629
153.197327
112.167793
88.735153
73.580315
62.990673
55.172714
49.163788
44.411182
40.558006
37.368919
34.693668
32.417534
30.455114
28.751089
27.258858
25.938618
24.766304
23.720161
22.777937
21.928345
21.160347
20.460089
19.821547
19.239361
18.703821
18.211521
17.760218
17.342878
16.956924
16.601921
16.272545
15.966765
15.685113
15.423601
15.180266
14.956234
14.748590
14.555210
14.377852
14.214565
14.062402
13.924096
13.797979
13.681708
13.577318
13.484015
13.399458
13.325373
13.261849
13.206367
13.160342
13.124537
13.096364
13.077219
13.068189
13.066801
13.074189
13.092010
13.118145
13.153115
13.199296
13.254851
13.319909
13.397391
13.485782
13.584915
13.698153
13.824485
13.963656
14.119282
14.291276
14.479129
14.687105
14.916123
15.165838
15.441378
15.745378
16.077761
16.445023
16.852139
17.300575
17.799095
18.356461
18.977343
19.674952
20.465712
21.361565
22.386187
23.571804
24.950348
26.572929
28.515202
30.870190
33.782402
37.484482
42.330498
48.940968
58.508595
73.552437
100.629372
163.858063
480.063385
-468.508636
-152.355301
-89.135895
-62.031425
-46.980957
-37.407692
-30.772490
-25.908470
-22.191339
-19.250647
-16.869259
-14.903790
-13.247443
-11.834408
-10.617311
-9.552593
-8.614006
-7.783098
-7.037582
-6.364770
-5.757320
-5.202235
-4.692132
-4.224297
-3.790705
-3.386220
-3.010514
-2.658316
-2.325603
-2.013164
-1.717574
-1.435106
-1.167167
-0.911612
-0.664855
-0.428560
-0.201312
0.020093
0.234419
0.442008
0.646093
0.845651
1.040365
1.233348
1.423886
1.611079
1.797985
1.984140
2.168372
2.353431
2.539417
2.724800
2.912110
3.102062
3.292785
3.486702
3.685037
3.885786
4.091120
4.302705
4.518652
4.740764
4.971241
5.208364
5.453532
5.709607
5.975200
6.251330
6.541494
6.844975
7.162409
7.498439
7.852698
8.226337
8.624410
9.048139
9.498678
9.982751
10.503010
11.061869
11.667597
12.326208
13.041584
13.826123
14.690533
15.643590
16.704273
17.893438
19.230602
20.749704
22.493679
24.509638
26.870731
29.679190
33.066586
37.234371
42.497894
49.339321
58.593922
71.830406
92.287315
128.086670
206.886307
522.124939
-1054.037476
-266.015869
-153.458588
-108.435547
-84.211586
-69.082504
-58.732105
-51.216564
-45.513950
-41.036079
-37.432632
-34.474575
-31.997892
-29.899508
-28.102140
-26.541758
-25.177881
-23.978987
-22.913773
-21.963356
-21.114016
-20.347502
-19.654257
-19.027550
-18.456562
-17.934763
-17.459826
-17.024282
-16.623575
-16.257183
-15.920375
-15.608911
-15.323813
-15.061393
-14.818449
-14.596244
-14.392511
-14.204066
-14.032583
-13.876614
-13.733310
-13.604284
-13.488919
-13.384480
-13.292300
-13.212760
-13.142897
-13.083859
-13.036651
-12.998602
-12.970396
-12.953671
-12.945861
-12.947470
-12.960389
-12.982718
-13.014311
-13.057657
-13.111161
-13.174352
-13.250216
-13.337516
-13.435595
-13.547415
-13.672526
-13.809980
-13.963037
-14.131880
-14.315476
-14.517262
-14.738528
-14.977960
-15.239820
-15.526212
-15.836264
-16.174828
-16.545467
-16.948339
-17.388973
-17.873331
-18.403078
-18.985329
-19.629837
-20.341125
-21.129795
-22.011721
-22.997774
-24.106539
-25.365305
-26.800138
-28.447588
-30.363279
-32.610279
-35.277649
-38.500996
-42.465191
-47.447041
-53.904995
-62.593918
-74.885597
-93.617645
-125.608253
-192.510757
-420.085236
2083.835938
295.336823
157.793488
107.150558
80.820084
64.693367
53.812836
45.971592
40.055809
35.441856
31.737577
28.699654
26.169531
24.025517
22.185555
20.594429
19.201982
17.972113
16.882353
15.908116
15.030179
14.238944
13.520835
12.864232
12.264842
11.715105
11.206657
10.737960
10.304689
9.900426
9.524647
9.175149
8.846668
8.539199
8.251808
7.980084
7.723947
7.483657
7.255280
7.038769
6.835012
6.640675
6.455440
6.280691
6.113673
5.953639
5.802454
5.657695
5.518353
5.386361
5.259902
5.137520
5.021316
4.909907
4.801516
4.698203
4.599255
4.502525
4.410037
4.321585
4.234795
4.151517
4.072157
3.994019
3.918834
3.847349
3.776883
3.708620
3.643972
3.580094
3.517719
3.458766
3.400552
3.343101
3.288847
3.235385
3.182086
3.132054
3.082828
3.033243
2.986944
2.941861
2.895822
2.852968
2.811676
2.769032
2.729101
2.691321
2.651369
2.613770
2.578788
2.540934
2.504994
2.472392
2.436238
2.400998
2.370997
2.336273
2.301389
2.274869
2.242948
2.206728
2.189496
2.169426
-812.785095
2.064315
2.048939
2.034681
2.003498
1.976535
1.956334
1.928818
1.902383
1.880830
1.855243
1.828543
1.806615
1.781439
1.755183
1.732386
1.708046
1.682137
1.659295
1.635578
1.610240
1.587538
1.564583
1.539924
1.517383
1.494918
1.470635
1.447872
1.425609
1.401433
1.378132
1.355643
1.331145
1.307178
1.284180
1.259312
1.234668
1.211165
1.185990
1.160700
1.136548
1.111013
1.084916
1.060060
1.033829
1.006646
0.980560
0.953171
0.924469
0.896582
0.867717
0.837045
0.807104
0.776162
0.743420
0.711001
0.677911
0.642593
0.607427
0.571579
0.533192
0.494557
0.455245
0.412953
0.369729
0.325729
0.278359
0.229208
0.179094
0.125043
0.068415
0.010425
-0.051968
-0.118149
-0.186304
-0.259638
-0.338275
-0.420033
-0.508232
-0.603998
-0.704747
-0.814260
-0.934559
-1.063218
-1.204244
-1.361489
-1.532803
-1.723051
-1.938640
-2.179285
-2.451725
-2.767833
-3.132037
-3.557825
-4.070127
-4.690140
-5.455813
-6.439123
-7.736757
-9.526043
-12.180619
-16.506203
-24.796963
-47.318741
-340.057526
69.698845
32.455322
21.500776
16.243605
13.161869
11.137396
9.695017
8.619557
7.788572
7.119470
6.571929
6.118146
5.729887
5.395478
5.107498
4.851902
4.624126
4.422988
4.240078
4.072690
3.922092
3.782770
3.652426
3.533365
3.421783
3.315478
3.217093
3.124120
3.034131
2.949943
2.869879
2.791478
2.717192
2.646292
2.576025
2.508623
2.443953
2.379253
2.316240
2.255476
2.194127
2.133579
2.074804
2.015119
1.955436
1.897236
1.837880
1.777867
1.718963
1.658837
1.597371
1.536604
1.474415
1.410205
1.346117
1.280376
1.211794
1.142641
1.071486
0.996679
0.920441
0.841838
0.758659
0.673134
0.584651
0.490656
0.393063
0.291710
0.183588
0.070225
-0.048167
-0.175011
-0.309480
-0.450924
-0.603312
-0.766611
-0.939923
-1.127813
-1.331340
-1.549558
-1.787891
-2.049007
-2.332497
-2.645136
-2.992298
-3.375180
-3.803311
-4.287064
-4.831976
-5.453852
-6.173718
-7.008950
-7.992461
-9.173307
-10.606813
-12.385142
-14.659279
-17.653086
-21.770161
-27.805826
-37.469826
-55.416828
-100.344780
-414.945190
214.253143
88.461632
57.033180
42.747650
34.601826
29.343243
25.663235
22.954037
20.879913
19.236467
17.908810
16.817450
15.900241
15.122959
14.459517
13.882849
13.379949
12.941115
12.551826
12.205871
11.900254
11.625924
11.379171
11.159966
10.962033
10.782828
10.623494
10.479808
10.349201
10.233749
10.130333
10.036514
9.954520
9.882370
9.817484
9.762153
9.715288
9.674361
9.641382
9.616179
9.595980
9.582764
9.576885
9.575687
9.580639
9.592795
9.609506
9.631881
9.661342
9.695506
9.734987
9.781676
9.833398
9.890437
9.955033
10.025359
10.101143
10.185163
10.275850
10.372718
10.478645
10.592630
10.713731
10.845077
10.986222
11.135939
11.297416
11.470910
11.655111
11.853278
12.066580
12.293690
12.538105
12.802011
13.084346
13.388968
13.719573
14.075727
14.461805
14.883696
15.341958
15.842646
16.394253
17.000425
17.669661
18.415882
19.248281
20.181492
21.240088
22.445938
23.829424
25.439547
27.332029
29.582481
32.312996
35.689186
39.962448
45.557381
53.193272
64.214523
81.543892
112.751297
185.539749
549.519165
-542.488831
-178.457428
-105.651024
-74.458870
-57.119041
-46.082172
-38.446968
-32.841915
-28.552456
-25.169941
-22.427603
-20.158806
-18.255484
-16.631111
-15.227157
-14.005672
-12.930005
-11.973184
-11.120288
-10.352992
-9.656352
-9.024298
-8.446937
-7.914484
-7.424723
-6.972218
-6.549728
-6.156738
-5.790295
-5.444645
-5.119900
-4.814763
-4.524381
-4.248919
-3.988290
-3.738278
-3.499010
-3.271042
-3.050877
-2.838296
-2.634537
-2.436598
-2.243841
-2.058043
-1.876512
-1.698402
-1.525541
-1.355852
-1.187969
-1.023869
-0.861897
-0.700360
-0.541168
-0.383158
-0.224288
-0.066392
0.091219
0.250981
0.411110
0.571752
0.735684
0.901559
1.068977
1.240899
1.416407
1.594813
1.779279
1.969477
2.164348
2.367282
2.578645
2.797153
3.026455
3.267732
3.519626
3.785984
4.069301
4.368108
4.687062
5.029877
5.396111
5.790899
6.220747
6.686653
7.195720
7.758565
8.379899
9.070860
9.850066
10.730563
11.734324
12.896936
14.254457
15.859359
17.797560
20.178688
23.171539
27.063776
32.325741
39.827934
51.425198
71.716713
116.321526
294.751984
-597.436523
-151.299545
-87.569496
-62.086746
-48.353794
-39.772251
-33.907509
-29.636726
-26.391727
-23.847551
-21.793186
-20.101143
-18.688042
-17.486149
-16.451359
-15.555918
-14.770222
-14.074749
-13.459395
-12.908563
-12.411667
-11.965369
-11.560658
-11.190549
-10.854503
-10.547275
-10.263380
-10.003510
-9.764631
-9.542233
-9.337396
-9.148798
-8.972207
-8.808789
-8.658577
-8.517589
-8.386947
-8.267155
-8.154987
-8.051061
-7.956468
-7.868281
-7.786802
-7.713577
-7.645904
-7.583734
-7.529104
-7.479520
-7.434585
-7.396487
-7.363407
-7.334464
-7.311990
-7.294692
-7.281300
-7.274168
-7.272674
-7.275067
-7.283857
-7.298639
-7.317643
-7.343073
-7.375226
-7.412088
-7.455759
-7.507100
-7.563948
-7.628240
-7.701642
-7.781876
-7.870773
-7.970730
-8.079717
-8.199241
-8.332589
-8.478118
-8.637113
-8.813990
-9.007771
-9.219638
-9.455414
-9.715276
-10.001143
-10.320472
-10.676118
-11.071120
-11.516838
-12.020380
-12.588911
-13.240884
-13.993476
-14.864532
-15.890309
-17.113808
-18.587376
-20.402981
-22.693832
-25.656374
-29.644556
-35.301613
-43.912071
-58.614594
-89.405159
-194.103043
957.731750
135.068268
71.792496
48.485794
36.386959
28.975710
23.969175
20.371460
17.658190
15.536712
13.840096
12.450286
11.287973
10.307293
9.467777
8.737597
8.101319
7.541831
7.042544
6.597860
6.199949
5.838488
5.511349
5.215162
4.942555
4.692710
4.464620
4.252561
4.056044
3.875507
3.706264
3.547890
3.401659
3.263756
3.133525
3.012750
2.898506
2.789712
2.688524
2.592657
2.500730
2.414991
2.333839
2.255448
2.182091
2.112696
2.045222
1.981775
1.921853
1.863133
1.807621
1.755291
1.703757
1.654659
1.608601
1.563095
1.519440
1.478748
1.438485
1.399578
1.363565
1.327950
1.293163
1.261150
1.229525
1.198222
1.169472
1.141193
1.112665
1.086563
1.061046
1.034881
1.010951
0.987876
0.963888
0.941970
0.921273
0.899407
0.879390
0.861016
0.841199
0.822922
0.806620
0.788564
0.771554
0.756920
0.740244
0.723940
0.710543
0.694957
0.678995
0.666672
0.652239
0.636533
0.625552
0.612725
0.597198
0.588023
0.577504
0.561185
0.554041
0.547001
0.523464
0.513104
257.459656
0.540626
0.514731
0.496738
0.495756
0.486294
0.473889
0.469725
0.462262
0.451419
0.446135
0.439572
0.430052
0.424606
0.419176
0.411070
0.406131
0.402002
0.395440
0.391250
0.388309
0.383178
0.379615
0.377571
0.373507
0.370424
0.369038
0.365872
0.363238
0.362446
0.360319
0.358395
0.358481
0.357656
0.356777
0.358012
0.358744
0.359172
0.361735
0.364120
0.365992
0.369829
0.373853
0.377151
0.382341
0.388046
0.393001
0.399713
0.407391
0.414347
0.423039
0.433198
0.442794
0.454113
0.467230
0.480132
0.494609
0.511291
0.528005
0.546187
0.567066
0.588214
0.610849
0.636670
0.663295
0.691589
0.723687
0.757325
0.793002
0.833275
0.876201
0.921704
0.972782
1.027981
1.086568
1.152032
1.223472
1.299632
1.384721
1.478242
1.578916
1.691433
1.816620
1.953084
2.106409
2.279344
2.471012
2.688533
2.938035
3.220672
3.547022
3.930026
4.376675
4.907428
5.552332
6.339665
7.324600
8.598851
10.290782
12.644332
16.152699
21.891413
32.940853
63.029465
454.537323
-93.612984
-43.844044
-29.233181
-22.255018
-18.188047
-15.531697
-13.658107
-12.277777
-11.222166
-10.385265
-9.713707
-9.165977
-8.707603
-8.323838
-8.001467
-7.723895
-7.486332
-7.284491
-7.108544
-6.956512
-6.827975
-6.715797
-6.618984
-6.538790
-6.470060
-6.411704
-6.365882
-6.328782
-6.299101
-6.279263
-6.266664
-6.259768
-6.261125
-6.268964
-6.281439
-6.301170
-6.327079
-6.357064
-6.393576
-6.436196
-6.482606
-6.535043
-6.593697
-6.656162
-6.724268
-6.798823
-6.877533
-6.961840
-7.053048
-7.148953
-7.250705
-7.360096
-7.474998
-7.596243
-7.726097
-7.862576
-8.006159
-8.159365
-8.320772
-8.490264
-8.670843
-8.861397
-9.061610
-9.274732
-9.500314
-9.737798
-9.990746
-10.259572
-10.543540
-10.846588
-11.170262
-11.513647
-11.881364
-12.276024
-12.697351
-13.150413
-13.639785
-14.165880
-14.735191
-15.354696
-16.026947
-16.760475
-17.566643
-18.451899
-19.429363
-20.517845
-21.732237
-23.095537
-24.641848
-26.404947
-28.432144
-30.794220
-33.575104
-36.892937
-40.929218
-45.937702
-52.309425
-60.702469
-72.249596
-89.120613
-116.128838
-166.305374
-291.726990
-1169.801147
586.428223
235.167145
147.364029
107.470558
84.669884
69.921104
59.606323
51.980434
46.115871
41.471882
37.697327
34.569855
31.941647
29.697662
27.759037
26.072243
24.588184
23.271078
22.098875
21.046602
20.095287
19.234808
18.451635
17.733494
17.076136
16.471590
15.911298
15.393468
14.913455
14.464695
14.046690
13.656960
13.290035
12.945997
12.623878
12.319048
12.031662
11.761688
11.505312
11.262306
11.033584
10.815726
10.608242
10.412643
10.225861
10.047263
9.878551
9.717309
9.562393
9.415933
9.275873
9.140972
9.013275
8.891459
8.773776
8.662398
8.556518
8.454073
8.357138
8.265433
8.176652
8.092678
8.013763
7.937374
7.865112
7.797882
7.732999
7.671723
7.615593
7.561846
7.511489
7.466525
7.424328
7.385397
7.352388
7.322793
7.296562
7.276967
7.261783
7.250371
7.246610
7.248892
7.255860
7.272265
7.297304
7.329287
7.373939
7.432122
7.501971
7.591098
7.703243
7.837835
8.006445
8.219693
8.483109
8.820574
9.265188
9.853413
10.670567
11.878510
13.788269
17.251663
25.412569
66.298607
-56.459511
-15.617319
-7.466870
-3.984737
-2.075292
-0.869545
-0.039135
0.555488
1.003421
1.355095
1.630378
1.852281
2.037941
2.189594
2.315599
2.425189
2.516788
2.593600
2.662103
2.720043
2.768223
2.811788
2.848830
2.878700
2.905869
2.928893
2.946371
2.962136
2.975424
2.984226
2.991892
2.998180
3.000760
3.002402
3.003407
3.001240
2.998063
2.994730
2.988544
2.981177
2.973875
2.964067
2.952830
2.941806
2.928582
2.913702
2.899182
2.882757
2.864471
2.846569
2.827038
2.805408
2.783984
2.761154
2.735873
2.710539
2.683855
2.654313
2.624298
2.592897
2.558288
2.522604
2.485564
2.444870
2.402529
2.358680
2.310685
2.260280
2.208050
2.151057
2.090523
2.027560
1.958851
1.885079
1.807690
1.723179
1.631311
1.534159
1.427726
1.310929
1.185838
1.048245
0.895664
0.730069
0.546499
0.340267
0.112387
-0.143610
-0.435971
-0.767040
-1.146854
-1.591955
-2.112672
-2.731051
-3.484753
-4.412892
-5.582727
-7.114679
-9.189819
-12.152314
-16.750391
-24.807112
-42.523800
-113.492355
241.468491
63.976509
38.649033
28.533562
23.084352
19.690250
17.378750
15.697226
14.426387
13.436666
12.638927
11.987115
11.448379
10.991412
10.601728
10.269488
9.979315
9.725295
9.505071
9.309449
9.135194
8.982974
8.846818
8.724237
8.617218
8.521641
8.435138
8.360252
8.294026
8.234192
8.183216
8.139337
8.099990
8.067764
8.041524
8.018766
8.001762
7.990296
7.981788
7.977981
7.979584
7.983908
7.992417
8.006190
8.022686
8.042962
8.068578
8.096965
8.128881
8.166221
8.206656
8.250447
8.299762
8.352707
8.409109
8.471277
8.537855
8.608186
8.684759
8.766940
8.853342
8.946852
9.047071
9.152421
9.265912
9.387552
9.515790
9.653316
9.801007
9.957098
10.124382
10.304527
10.495811
10.701048
10.923166
11.160488
11.416022
11.694144
11.993714
12.318312
12.673897
13.060859
13.483707
13.951218
14.466292
15.035890
15.673601
16.387983
17.191607
18.108110
19.158848
20.371351
21.793694
23.481945
25.510401
28.004265
31.140276
35.189804
40.634769
48.343380
60.065720
80.073494
121.936203
264.232880
-1301.136841
-183.060547
-97.041885
-65.352226
-48.886997
-38.790955
-31.968355
-27.057943
-23.347984
-20.446264
-18.121044
-16.211819
-14.614645
-13.264340
-12.104944
-11.096289
-10.215622
-9.438041
-8.743910
-8.124466
-7.567262
-7.060429
-6.601008
-6.182390
-5.796370
-5.442222
-5.116460
-4.813026
-4.531808
-4.271503
-4.026910
-3.798365
-3.585658
-3.384439
-3.194891
-3.017684
-2.849208
-2.689224
-2.539170
-2.395889
-2.258939
-2.130099
-2.006825
-1.888273
-1.776500
-1.669496
-1.565972
-1.468162
-1.374537
-1.283423
-1.197053
-1.114417
-1.033522
-0.956503
-0.882896
-0.810407
-0.741035
-0.674869
-0.609476
-0.546565
-0.486760
-0.427552
-0.370246
-0.316052
-0.262353
-0.210028
-0.160759
-0.111919
-0.063900
-0.018815
0.025845
0.070285
0.111943
0.153117
0.194596
0.233418
0.271585
0.310505
0.346851
0.382180
0.418640
0.452629
0.485161
0.519167
0.550981
0.580814
0.612573
0.642568
0.670059
0.700011
0.728861
0.754492
0.783141
0.811583
0.835679
0.863272
0.891884
0.914311
0.940625
0.970399
0.990139
1.014318
1.051107
1.066359
25.334543
1.076882
1.120758
1.147061
1.160136
1.183908
1.206700
1.221869
1.242317
1.263810
1.279917
1.298993
1.319879
1.336598
1.354933
1.375289
1.392264
1.409814
1.429412
1.446145
1.462766
1.481271
1.497533
1.513094
1.530524
1.546251
1.560959
1.577528
1.592917
1.607112
1.623078
1.638348
1.652217
1.667648
1.682734
1.696204
1.710948
1.725644
1.738613
1.752467
1.766503
1.778755
1.791655
1.805009
1.816601
1.828558
1.841285
1.852347
1.863536
1.875642
1.886288
1.896643
1.908058
1.918047
1.927389
1.937777
1.946834
1.954824
1.963769
1.971508
1.977886
1.985097
1.991321
1.995784
2.001058
2.005581
2.007962
2.010862
2.013182
2.013023
2.012982
2.012260
2.008552
2.004318
1.999348
1.990655
1.980540
1.969387
1.953832
1.935642
1.915926
1.890657
1.861130
1.828963
1.789560
1.743188
1.691983
1.630290
1.556848
1.473923
1.374151
1.253099
1.111768
0.939191
0.723711
0.460217
0.124665
-0.318312
-0.907249
-1.734295
-2.982866
-5.028657
-8.982336
-19.807413
-160.747879
36.616684
18.736917
13.495174
10.999399
9.560384
8.626843
7.971982
7.499976
7.144235
6.864986
6.648633
6.477083
6.335429
6.223020
6.133470
6.058146
5.998963
5.953719
5.916259
5.888671
5.870975
5.858295
5.852127
5.853645
5.858687
5.868254
5.884246
5.903038
5.924998
5.952512
5.982427
6.014773
6.052034
6.091749
6.133381
6.179580
6.228515
6.279109
6.334157
6.392317
6.452187
6.516412
6.584208
6.653843
6.727749
6.805741
6.885801
6.970135
7.059056
7.150481
7.246271
7.347363
7.451510
7.560374
7.675385
7.794366
7.918603
8.050039
8.186667
8.329321
8.480418
8.638210
8.803098
8.977996
9.161396
9.353454
9.557446
9.772455
9.998348
10.238831
10.493817
10.762962
11.050541
11.357525
11.683564
12.033738
12.410353
12.813427
13.249129
13.721837
14.232629
14.789415
15.399894
16.067595
16.803946
17.622347
18.532068
19.551859
20.706814
22.019535
23.526731
25.281122
27.341635
29.796896
32.781807
36.479313
41.178364
47.365711
55.868835
68.282471
88.149872
125.038269
217.206741
862.411560
-427.978577
-169.854935
-105.323715
-75.989311
-59.210064
-48.351059
-40.749722
-35.121105
-30.788834
-27.353477
-24.554817
-22.232857
-20.277988
-18.603424
-17.153515
-15.888972
-14.771381
-13.776456
-12.888006
-12.085910
-11.357499
-10.696020
-10.089625
-9.530430
-9.016067
-8.539158
-8.093925
-7.680016
-7.292777
-6.927415
-6.584628
-6.261433
-5.953717
-5.662536
-5.386229
-5.120983
-4.867974
-4.626486
-4.393064
-4.168770
-3.953645
-3.744471
-3.541878
-3.346720
-3.155895
-2.969757
-2.789487
-2.612273
-2.437985
-2.268263
-2.100532
-1.934222
-1.771226
-1.609329
-1.447520
-1.287886
-1.128574
-0.968164
-0.808752
-0.648988
-0.486934
-0.324659
-0.161165
0.005890
0.174672
0.345711
0.521865
0.701591
0.884985
1.075433
1.271737
1.473657
1.684964
1.905148
2.133617
2.374664
2.628692
2.894925
3.178362
3.480804
3.801714
4.147110
4.520942
4.923650
5.363227
5.847103
6.378338
6.968827
7.632782
8.379774
9.231099
10.216177
11.362943
12.719682
14.359661
16.374022
18.912983
22.230419
26.739059
33.230576
43.426971
61.754211
104.454491
317.933411
-322.402649
-108.895409
-66.189354
-47.876953
-37.683029
-31.193207
-26.696758
-23.387238
-20.853878
-18.852514
-17.223934
-15.875957
-14.743347
-13.772455
-12.933005
-12.202287
-11.555573
-10.980461
-10.468424
-10.005505
-9.585485
-9.205578
-8.856938
-8.535592
-8.241470
-7.968561
-7.713797
-7.478358
-7.258104
-7.050362
-6.856853
-6.674773
-6.501549
-6.339183
-6.185917
-6.039031
-5.900550
-5.769619
-5.643303
-5.523547
-5.410141
-5.300203
-5.195276
-5.095753
-4.998835
-4.905675
-4.817216
-4.730804
-4.647158
-4.567708
-4.489974
-4.414253
-4.342333
-4.271961
-4.202955
-4.137420
-4.073369
-4.010103
-3.949905
-3.891120
-3.832542
-3.776620
-3.722043
-3.667235
-3.614588
-3.563334
-3.511431
-3.461285
-3.412637
-3.363071
-3.314829
-3.268251
-3.220457
-3.173563
-3.128379
-3.081789
-3.035349
-2.990594
-2.944132
-2.896851
-2.851090
-2.803059
-2.753168
-2.704302
-2.652597
-2.597631
-2.542765
-2.484186
-2.419896
-2.354144
-2.282638
-2.201273
-2.114204
-2.016178
-1.898583
-1.763706
-1.601396
-1.390074
-1.116411
-0.739251
-0.153757
0.849319
3.015960
11.698768
-31.578119
-9.885766
-6.790525
-5.542229
-4.852584
-4.422748
-4.125299
-3.898923
-3.727114
-3.591499
-3.474985
-3.379280
-3.299629
-3.226877
-3.164037
-3.110607
-3.059928
-3.014524
-2.975346
-2.937317
-2.901962
-2.871502
-2.841616
-2.812820
-2.788189
-2.763837
-2.740020
-2.719684
-2.699834
-2.680001
-2.663234
-2.647123
-2.630746
-2.616836
-2.604063
-2.590492
-2.579073
-2.568781
-2.557662
-2.548274
-2.540188
-2.531156
-2.523616
-2.517523
-2.510690
-2.505005
-2.501137
-2.496605
-2.492994
-2.491454
-2.489444
-2.488124
-2.488927
-2.489560
-2.490541
-2.493722
-2.497005
-2.500306
-2.506001
-2.512086
-2.518157
-2.526713
-2.536086
-2.545475
-2.557545
-2.571036
-2.584646
-2.601018
-2.619580
-2.638358
-2.660173
-2.684819
-2.710015
-2.738426
-2.770563
-2.803840
-2.840798
-2.882785
-2.926821
-2.975437
-3.030934
-3.090325
-3.155883
-3.231178
-3.313172
-3.404263
-3.509594
-3.627001
-3.758823
-3.913052
-4.089495
-4.292127
-4.534258
-4.821793
-5.165253
-5.592987
-6.132045
-6.824611
-7.763767
-9.096991
-11.118023
-14.582382
-21.846066
-46.505005
224.971741
31.097738
16.169329
10.677865
7.834036
6.084667
4.905056
4.062014
3.421862
2.921827
2.525753
2.198665
1.924978
1.697508
1.501256
1.330051
1.183923
1.054595
0.938325
0.837338
0.746568
0.662897
0.589238
0.522451
0.459563
0.403573
0.352656
0.303885
0.260056
0.220358
0.181794
0.146825
0.115454
0.084660
0.056416
0.031334
0.006519
-0.016630
-0.036962
-0.057273
-0.076650
-0.093471
-0.110381
-0.126869
-0.141041
-0.155205
-0.169400
-0.181407
-0.193202
-0.205333
-0.215420
-0.225112
-0.235383
-0.243844
-0.251715
-0.260431
-0.267635
-0.274078
-0.281599
-0.287963
-0.293373
-0.299996
-0.305738
-0.310290
-0.316109
-0.321318
-0.325035
-0.329927
-0.334485
-0.337316
-0.341203
-0.345145
-0.347183
-0.350185
-0.353692
-0.355212
-0.357537
-0.360882
-0.362167
-0.364100
-0.367405
-0.368659
-0.370077
-0.373341
-0.374451
-0.375076
-0.378044
-0.378756
-0.378372
-0.380830
-0.381255
-0.379665
-0.381728
-0.382120
-0.379710
-0.381800
-0.383180
-0.379539
-0.382320
-0.385931
-0.380503
-0.384174
-0.394704
-0.380464
1237.272217
-0.363256
-0.388522
-0.389026
-0.382821
-0.388238
-0.389264
-0.384936
-0.386875
-0.387364
-0.383460
-0.383643
-0.383819
-0.380355
-0.379797
-0.380143
-0.377310
-0.376582
-0.377149
-0.375097
-0.374156
-0.374866
-0.373228
-0.372079
-0.372583
-0.371162
-0.369482
-0.369544
-0.367988
-0.365918
-0.365703
-0.364181
-0.361985
-0.361546
-0.360352
-0.358236
-0.357818
-0.356949
-0.355041
-0.354603
-0.354055
-0.352192
-0.351617
-0.351099
-0.349229
-0.348326
-0.347864
-0.345927
-0.344787
-0.344380
-0.342582
-0.341449
-0.341376
-0.339960
-0.338995
-0.339287
-0.338429
-0.337734
-0.338424
-0.338078
-0.337510
-0.338507
-0.338636
-0.338236
-0.339506
-0.340233
-0.340213
-0.341960
-0.343606
-0.344380
-0.347111
-0.350135
-0.352252
-0.356364
-0.361331
-0.365225
-0.371176
-0.378557
-0.384849
-0.393116
-0.403573
-0.413160
-0.424870
-0.439998
-0.454724
-0.472129
-0.494646
-0.517902
-0.545121
-0.580096
-0.618574
-0.663483
-0.721240
-0.788277
-0.868283
-0.973124
-1.103181
-1.268271
-1.497511
-1.816892
-2.286268
-3.072775
-4.595796
-8.715113
-62.667763
12.908332
6.030279
4.029819
3.085977
2.529869
2.174812
1.932461
1.750342
1.615454
1.515354
1.432958
1.368438
1.320402
1.279351
1.246767
1.224273
1.205240
1.190696
1.183398
1.178280
1.175684
1.178543
1.183212
1.189107
1.199511
1.211497
1.224059
1.240370
1.258396
1.276568
1.298039
1.321516
1.345066
1.371650
1.400547
1.429665
1.461549
1.496160
1.531160
1.568713
1.609347
1.650609
1.694193
1.741188
1.789144
1.839293
1.893229
1.948591
2.006222
2.068082
2.132025
2.198463
2.269687
2.343843
2.420869
2.503299
2.589641
2.679338
2.775171
2.876048
2.981018
3.092972
3.211348
3.334891
3.466568
3.606547
3.753253
3.909821
4.077087
4.253487
4.442153
4.644867
4.860072
5.090948
5.340536
5.607455
5.895233
6.208213
6.545922
6.912403
7.314150
7.752271
8.232302
8.764001
9.351827
10.004393
10.737719
11.563024
12.496602
13.567071
14.801917
16.237787
17.935266
19.967253
22.435720
25.507221
29.426378
34.584778
41.692833
52.101299
68.759018
99.727890
177.223251
719.756714
-365.422821
-148.453888
-94.224251
-69.594177
-55.546638
-46.465149
-40.118553
-35.445023
-31.856913
-29.017950
-26.724525
-24.830564
-23.240776
-21.894371
-20.737831
-19.733248
-18.858389
-18.089066
-17.406103
-16.800968
-16.261021
-15.774793
-15.339013
-14.947081
-14.590717
-14.269139
-13.978704
-13.713289
-13.472830
-13.255847
-13.057199
-12.877189
-12.715670
-12.568450
-12.435661
-12.318123
-12.212223
-12.117992
-12.036841
-11.965698
-11.904214
-11.854177
-11.813367
-11.780702
-11.758526
-11.744791
-11.738438
-11.741858
-11.753568
-11.772205
-11.800196
-11.836786
-11.880251
-11.933178
-11.995202
-12.064632
-12.143733
-12.232942
-12.330295
-12.437955
-12.557025
-12.685463
-12.825153
-12.977992
-13.141981
-13.318867
-13.511177
-13.717194
-13.938673
-14.178804
-14.436590
-14.713480
-15.013754
-15.337262
-15.685453
-16.063881
-16.473541
-16.916433
-17.399878
-17.926741
-18.500185
-19.130274
-19.823280
-20.585257
-21.430855
-22.372862
-23.423424
-24.606768
-25.948826
-27.476879
-29.236753
-31.285650
-33.692074
-36.562023
-40.046288
-44.351353
-49.809517
-56.961124
-66.714943
-80.808121
-102.978714
-142.889725
-236.019012
-701.823547
695.613098
229.798141
136.664551
96.754883
74.580177
60.481136
50.724216
43.566086
38.099129
33.786491
30.292267
27.409733
24.991064
22.928015
21.151665
19.606976
18.246916
17.043365
15.972187
15.008634
14.139362
13.353084
12.634943
11.977607
11.376033
10.820137
10.305379
9.829802
9.386478
8.971885
8.585919
8.223460
7.881656
7.561303
7.258765
6.971330
6.700477
6.443542
6.197894
5.965215
5.743763
5.530897
5.328211
5.134821
4.947924
4.769036
4.597885
4.431641
4.271582
4.118043
3.968225
3.823087
3.683481
3.546735
3.413462
3.284990
3.158750
3.034929
2.915313
2.797414
2.681053
2.568169
2.456634
2.345685
2.237512
2.130284
2.022611
1.916975
1.811832
1.705338
1.599971
1.494710
1.387175
1.279714
1.171927
1.060776
0.948446
0.835053
0.716967
0.595879
0.472419
0.342225
0.206275
0.065720
-0.084828
-0.245530
-0.414938
-0.599828
-0.802495
-1.022016
-1.267608
-1.545916
-1.858921
-2.222572
-2.654738
-3.170035
-3.807917
-4.629168
-5.716735
-7.250353
-9.608425
-13.689800
-22.610256
-58.238190
119.575676
30.591587
17.865965
12.745871
9.963528
8.218219
7.009992
6.114980
5.430416
4.883852
4.431005
4.054388
3.733090
3.450421
3.203872
2.985581
2.786119
2.606501
2.443635
2.290894
2.149837
2.019832
1.895455
1.778242
1.668755
1.562534
1.460518
1.364318
1.269987
1.178143
1.090711
1.004567
0.919542
0.838077
0.757510
0.677159
0.599531
0.522538
0.445033
0.369490
0.294281
0.217907
0.142780
0.067871
-0.008845
-0.084996
-0.161079
-0.239325
-0.317698
-0.396118
-0.477022
-0.558696
-0.640569
-0.725305
-0.811529
-0.898287
-0.988293
-1.080639
-1.174176
-1.271276
-1.371917
-1.474308
-1.581016
-1.692315
-1.806325
-1.925365
-2.050404
-2.179244
-2.314191
-2.456723
-2.604750
-2.760217
-2.925643
-3.098950
-3.281984
-3.478142
-3.685676
-3.906523
-4.145047
-4.400496
-4.674630
-4.973613
-5.297826
-5.649559
-6.038167
-6.465854
-6.937180
-7.465292
-8.058376
-8.726186
-9.490934
-10.373713
-11.399392
-12.614287
-14.076239
-15.860942
-18.100727
-20.997231
-24.875250
-30.355076
-38.699028
-52.909904
-82.610558
-183.618851
927.113403
133.704651
72.683777
50.186115
38.476555
31.305490
26.453285
22.948179
20.304939
18.235218
16.567362
15.200721
14.057256
13.083061
12.248050
11.522627
10.882971
10.318752
9.816695
9.363484
8.955506
8.586565
8.247818
7.938288
7.655181
7.391986
7.148584
6.924177
6.713644
6.516942
6.334530
6.162138
5.999551
5.848022
5.703990
5.566959
5.438651
5.316121
5.198643
5.088246
4.982536
4.880431
4.784151
4.691971
4.602374
4.517658
4.436623
4.357396
4.282172
4.210308
4.139716
4.072318
4.008019
3.944466
3.883360
3.825286
3.767573
3.711733
3.658770
3.606035
3.554703
3.506182
3.457925
3.410589
3.366023
3.321828
3.278068
3.237017
3.196367
3.155670
3.117525
3.079877
3.041660
3.005764
2.970588
2.934440
2.900422
2.867447
2.833179
2.800867
2.770019
2.737651
2.707006
2.678360
2.647916
2.618803
2.592163
2.563494
2.535415
2.510424
2.483067
2.455427
2.431611
2.405155
2.377344
2.354525
2.329064
2.300453
2.278933
2.255359
2.224632
2.205677
2.187537
2.142688
