-204.335724
2.792253
2.804682
2.814468
2.843151
2.868053
2.886797
2.913755
2.940487
2.962544
2.989827
3.018167
3.043104
3.071587
3.102093
3.129916
3.160462
3.193402
3.224376
3.257299
3.292861
3.326933
3.362236
3.400336
3.437317
3.475012
3.515596
3.555477
3.595820
3.639001
3.682090
3.725504
3.771854
3.818697
3.865769
3.915872
3.966959
4.018305
4.072629
4.128419
4.184449
4.243374
4.304253
4.365440
4.429457
4.495935
4.562935
4.632825
4.705737
4.779586
4.856464
4.937012
5.019029
5.104260
5.193889
5.285655
5.380822
5.481125
5.584316
5.691309
5.804182
5.920966
6.042087
6.170127
6.303388
6.441904
6.588727
6.742564
6.903059
7.073679
7.253693
7.442461
7.643744
7.857660
8.083298
8.324922
8.583600
8.858398
9.154263
9.473722
9.816319
10.187989
10.593610
11.033837
11.516660
12.050602
12.639393
13.294956
14.032592
14.863425
15.808429
16.898314
18.162542
19.648155
21.427416
23.589090
26.271660
29.704163
34.241917
40.521236
49.815426
64.966240
94.063774
173.040497
1199.542358
-237.454956
-106.812256
-68.379395
-49.974709
-39.180740
-32.084129
-27.050579
-23.297316
-20.391720
-18.066879
-16.166376
-14.585561
-13.243240
-12.090070
-11.091259
-10.212336
-9.433072
-8.740220
-8.115831
-7.549662
-7.036862
-6.566713
-6.132940
-5.734334
-5.364088
-5.017494
-4.695164
-4.392655
-4.106087
-3.836700
-3.581825
-3.337889
-3.106476
-2.886073
-2.673310
-2.469733
-2.274770
-2.085086
-1.902124
-1.725902
-1.553292
-1.385309
-1.222619
-1.062205
-0.904753
-0.751409
-0.599263
-0.448679
-0.301139
-0.154140
-0.007466
0.137014
0.281620
0.426959
0.571074
0.715805
0.862420
1.008764
1.156426
1.307175
1.458862
1.612678
1.770807
1.931331
2.094967
2.264373
2.437818
2.615588
2.800849
2.992183
3.189524
3.396475
3.612276
3.836541
4.073380
4.322991
4.584772
4.863692
5.161039
5.476457
5.815854
6.182490
6.576708
7.006135
7.477063
7.991956
8.561689
9.198479
9.909956
10.714714
11.637398
12.700160
13.942409
15.422212
17.207756
19.410398
22.210682
25.880802
30.908882
38.252453
49.979034
71.713013
126.031166
506.055786
-253.831680
-101.838051
-63.817516
-46.505062
-36.604958
-30.190294
-25.682972
-22.346292
-19.775158
-17.724524
-16.053988
-14.667318
-13.491025
-12.482973
-11.610829
-10.843399
-10.164114
-9.560672
-9.016328
-8.523335
-8.077180
-7.667601
-7.290064
-6.943724
-6.621593
-6.320474
-6.041253
-5.779107
-5.531288
-5.299400
-5.080188
-4.870892
-4.673489
-4.485745
-4.304961
-4.133060
-3.968823
-3.809382
-3.656557
-3.509966
-3.366646
-3.228257
-3.095046
-2.964141
-2.836828
-2.713874
-2.592558
-2.473774
-2.358705
-2.244756
-2.132337
-2.023040
-1.914371
-1.806291
-1.700734
-1.595430
-1.489804
-1.386067
-1.282274
-1.177388
-1.073741
-0.969767
-0.864013
-0.758803
-0.653045
-0.544720
-0.436183
-0.326673
-0.213745
-0.099500
0.016293
0.136611
0.259708
0.385260
0.516791
0.653019
0.793079
0.940988
1.096146
1.257315
1.429025
1.611646
1.803830
2.010920
2.235051
2.474906
2.737467
3.027600
3.345637
3.701513
4.105858
4.563700
5.093185
5.718758
6.462371
7.369052
8.511374
9.986476
11.977468
14.843512
19.313805
27.311308
45.941833
138.874420
-139.667404
-46.786312
-28.170784
-20.154177
-15.688382
-12.830622
-10.830517
-9.355647
-8.218160
-7.304844
-6.558496
-5.935184
-5.399410
-4.936398
-4.532005
-4.169508
-3.844684
-3.552631
-3.283378
-3.035505
-2.808169
-2.594358
-2.393448
-2.206335
-2.027745
-1.857018
-1.695925
-1.540437
-1.389502
-1.245419
-1.105004
-0.966995
-0.833741
-0.703008
-0.573084
-0.446443
-0.321504
-0.196252
-0.073128
0.048850
0.171890
0.293976
0.415332
0.538536
0.661764
0.784794
0.910416
1.037038
1.164165
1.294422
1.426912
1.560489
1.697899
1.838593
1.981164
2.128159
2.279629
2.433855
2.593305
2.758580
2.927792
3.103227
3.286226
3.474633
3.670812
3.876519
4.090038
4.313143
4.548575
4.794599
5.052944
5.327103
5.615923
5.920834
6.246340
6.592121
6.959709
7.354933
7.778813
8.233431
8.726563
9.261540
9.841775
10.478320
11.178491
11.949292
12.807165
13.767715
14.845619
16.070171
17.474203
19.093878
20.989975
23.242485
25.954006
29.288605
33.495403
38.955067
46.336475
56.887428
73.179123
101.677429
164.393875
415.204407
-838.737854
-211.795181
-122.220490
-86.378128
-67.087242
-55.027718
-46.769100
-40.767311
-36.205860
-32.616390
-29.724878
-27.344393
-25.346079
-23.649809
-22.191946
-20.921394
-19.808142
-18.825628
-17.948299
-17.162909
-16.457376
-15.816487
-15.233850
-14.703701
-14.216221
-13.767568
-13.355753
-12.973522
-12.618441
-12.290331
-11.983879
-11.697115
-11.430945
-11.181440
-10.946385
-10.727633
-10.522049
-10.327639
-10.146162
-9.975614
-9.813616
-9.662213
-9.520009
-9.384609
-9.257946
-9.139394
-9.026446
-8.920859
-8.822642
-8.729346
-8.642370
-8.562414
-8.486862
-8.416924
-8.353740
-8.294778
-8.240835
-8.193497
-8.150356
-8.111794
-8.079844
-8.052332
-8.029189
-8.012828
-8.001458
-7.994553
-7.994914
-8.001163
-8.012314
-8.031528
-8.057898
-8.090178
-8.131555
-8.181969
-8.239645
-8.308177
-8.388264
-8.477955
-8.581135
-8.699634
-8.831713
-8.981659
-9.153048
-9.344707
-9.561765
-9.810643
-10.091728
-10.412437
-10.783655
-11.210087
-11.704369
-12.287458
-12.975542
-13.796863
-14.799668
-16.038042
-17.599232
-19.636381
-22.385473
-26.280346
-32.238510
-42.431629
-63.762718
-136.419296
663.349060
92.109024
48.213684
32.071922
23.683805
18.559591
15.113298
12.631486
10.766341
9.319050
8.158228
7.210488
6.426859
5.763774
5.197439
4.712689
4.289447
3.917571
3.592463
3.302953
3.043472
2.813444
2.605988
2.417057
2.247910
2.094093
1.952123
1.824040
1.706954
1.597698
1.498492
1.407656
1.322181
1.244170
1.172888
1.105378
1.043451
0.987232
0.933706
0.884339
0.839832
0.797286
0.757750
0.722410
0.688528
0.656686
0.628528
0.601492
0.575798
0.553432
0.532052
0.511466
0.493876
0.477386
0.461230
0.447774
0.435561
0.423277
0.413378
0.404766
0.395780
0.388731
0.383128
0.376825
0.372102
0.368896
0.364854
0.362008
0.360882
0.358879
0.357762
0.358665
0.358678
0.359263
0.362101
0.364165
0.366308
0.370808
0.374726
0.378195
0.384045
0.389397
0.393764
0.400592
0.407241
0.412168
0.419787
0.427682
0.433323
0.441972
0.451461
0.458130
0.467702
0.479493
0.487347
0.498118
0.512337
0.521240
0.532253
0.550130
0.559435
0.569124
0.596240
0.609808
-121.379768
0.591140
0.623071
0.645883
0.652317
0.667174
0.685115
0.695481
0.709454
0.727338
0.739876
0.754742
0.773095
0.787994
0.803742
0.822940
0.839669
0.856359
0.876067
0.894112
0.911509
0.931653
0.950594
0.968532
0.989066
1.008973
1.027816
1.048899
1.070060
1.090040
1.112127
1.134701
1.156102
1.179290
1.203352
1.226224
1.250494
1.275885
1.300142
1.325412
1.352081
1.377654
1.404080
1.432111
1.459260
1.487062
1.516692
1.545821
1.575402
1.607070
1.638424
1.670078
1.703972
1.737903
1.771824
1.807997
1.844577
1.881037
1.919761
1.959278
1.998628
2.040326
2.083371
2.126264
2.171691
2.219090
2.266570
2.316689
2.369470
2.422635
2.478561
2.537874
2.597994
2.661086
2.728464
2.797328
2.869535
2.947234
3.027579
3.112128
3.203926
3.300249
3.402330
3.514339
3.633981
3.762174
3.904585
4.059891
4.228999
4.419999
4.633815
4.872664
5.149365
5.470761
5.844837
6.297532
6.855165
7.552739
8.470387
9.735044
11.579260
14.572539
20.311262
35.787430
236.592331
-44.489639
-18.871183
-11.307424
-7.679500
-5.527122
-4.095539
-3.076340
-2.301327
-1.688519
-1.195116
-0.781360
-0.426256
-0.121950
0.147218
0.390117
0.606705
0.804854
0.990067
1.160150
1.319430
1.472313
1.616090
1.753015
1.887067
2.015619
2.139571
2.262613
2.382519
2.499129
2.616009
2.731364
2.844413
2.958455
3.072272
3.184559
3.298448
3.413233
3.527288
3.643389
3.761481
3.879565
4.000160
4.123647
4.247912
4.375001
4.505833
4.638213
4.773772
4.913922
5.056469
5.202636
5.354337
5.509482
5.668943
5.835030
6.005850
6.181945
6.365932
6.556386
6.753284
6.959610
7.174345
7.397180
7.631295
7.876266
8.131419
8.400426
8.683349
8.979599
9.292906
9.624588
9.973861
10.345108
10.740775
11.160477
11.609173
12.091069
12.606587
13.161751
13.763240
14.413290
15.119890
15.893661
16.740269
17.672047
18.706619
19.857281
21.145542
22.602879
24.260584
26.162340
28.374132
30.973288
34.069107
37.830498
42.492069
48.415592
56.211773
66.928871
82.576324
107.613686
154.108871
270.290131
1083.546509
-542.967407
-217.621368
-136.278214
-99.307556
-78.166229
-64.482834
-54.906548
-47.820396
-42.365845
-38.042297
-34.524277
-31.605566
-29.149672
-27.049368
-25.231947
-23.647963
-22.251490
-21.009287
-19.901236
-18.904108
-18.000067
-17.180111
-16.431515
-15.742898
-15.110685
-14.527221
-13.984621
-13.481299
-13.013131
-12.573737
-12.162861
-11.778016
-11.414249
-11.071387
-10.748743
-10.441686
-10.150498
-9.875287
-9.612145
-9.361117
-9.123097
-8.894431
-8.675569
-8.467294
-8.266828
-8.073596
-7.889406
-7.711706
-7.539554
-7.374920
-7.215831
-7.060857
-6.912210
-6.768395
-6.627667
-6.492201
-6.361181
-6.232390
-6.108099
-5.987895
-5.869467
-5.754669
-5.643836
-5.534276
-5.427645
-5.324703
-5.222655
-5.122821
-5.026453
-4.930712
-4.836364
-4.745352
-4.654762
-4.564938
-4.478276
-4.392093
-4.306059
-4.223115
-4.140738
-4.057887
-3.977984
-3.898835
-3.818476
-3.740723
-3.663828
-3.584819
-3.507812
-3.431812
-3.352494
-3.274338
-3.197096
-3.115038
-3.032624
-2.950791
-2.861437
-2.768163
-2.673313
-2.563318
-2.437572
-2.294790
-2.097038
-1.788521
-1.184413
1.646216
-6.635172
-3.760094
-3.145000
-2.854244
-2.654933
-2.508094
-2.392713
-2.285474
-2.188983
-2.103743
-2.018563
-1.936364
-1.860532
-1.783466
-1.706824
-1.634568
-1.561241
-1.487058
-1.416194
-1.344505
-1.271277
-1.200460
-1.129074
-1.055562
-0.983678
-0.911326
-0.836486
-0.762492
-0.688170
-0.611107
-0.534293
-0.457211
-0.377323
-0.297132
-0.216786
-0.133551
-0.049488
0.034785
0.121915
0.210506
0.299460
0.391476
0.485631
0.580442
0.678486
0.779421
0.881367
0.986823
1.095822
1.206364
1.320558
1.439064
1.559672
1.684228
1.813895
1.946467
2.083433
2.226515
2.373578
2.525778
2.685296
2.850272
3.021381
3.201442
3.388712
3.583604
3.789310
4.004600
4.229509
4.467628
4.718534
4.981831
5.261811
5.558840
5.872557
6.207934
6.566653
6.948587
7.359744
7.803743
8.281251
8.799945
9.366304
9.983132
10.661036
11.411558
12.242257
13.169750
14.215944
15.399156
16.751339
18.317156
20.144915
22.309069
24.921202
28.128653
32.163094
37.407940
44.494186
54.600136
70.217789
97.530190
157.566116
397.695404
-802.823303
-202.493118
-116.722130
-82.403648
-63.900467
-52.330284
-44.408966
-38.633614
-34.239124
-30.784023
-27.987387
-25.679611
-23.744217
-22.091633
-20.664804
-19.422958
-18.326780
-17.352299
-16.482862
-15.698079
-14.985483
-14.338225
-13.744436
-13.196366
-12.691808
-12.223093
-11.784852
-11.376915
-10.994398
-10.632799
-10.293096
-9.972044
-9.665648
-9.375416
-9.099073
-8.833210
-8.579162
-8.335837
-8.099917
-7.872542
-7.653546
-7.439779
-7.232056
-7.030974
-6.833455
-6.640056
-6.451927
-6.266089
-6.082823
-5.903448
-5.725424
-5.548368
-5.374076
-5.200081
-5.025624
-4.852670
-4.679152
-4.503748
-4.328486
-4.151799
-3.971770
-3.790545
-3.606874
-3.418403
-3.227113
-3.032180
-2.830751
-2.624500
-2.412944
-2.192676
-1.964970
-1.729639
-1.482737
-1.224762
-0.955789
-0.671292
-0.370680
-0.054193
0.283586
0.644652
1.029184
1.443903
1.893019
2.377874
2.907850
3.490838
4.131307
4.843431
5.642655
6.541389
7.564563
8.745104
10.116129
11.733320
13.677622
16.051783
19.022078
22.860361
28.001118
35.252079
46.284477
65.081474
104.337685
237.804169
-1230.021118
-181.501755
-100.845673
-71.119720
-55.642300
-46.155716
-39.743160
-35.109055
-31.609440
-28.872869
-26.667107
-24.855497
-23.342245
-22.053141
-20.944935
-19.983797
-19.137373
-18.388029
-17.722616
-17.123566
-16.582382
-16.093849
-15.647353
-15.237840
-14.863926
-14.518320
-14.197638
-13.902123
-13.626781
-13.368700
-13.129008
-12.904455
-12.692063
-12.493664
-12.306915
-12.129057
-11.962066
-11.804482
-11.653543
-11.511177
-11.376767
-11.247441
-11.124902
-11.009198
-10.897494
-10.791114
-10.690691
-10.593481
-10.500341
-10.412422
-10.327077
-10.244874
-10.167365
-10.092054
-10.019102
-9.950394
-9.883808
-9.818926
-9.758021
-9.699092
-9.641438
-9.587341
-9.535328
-9.484013
-9.435893
-9.389872
-9.344113
-9.301114
-9.260263
-9.219331
-9.180699
-9.144419
-9.107800
-9.073168
-9.041114
-9.008625
-8.977721
-8.949740
-8.921343
-8.894050
-8.869956
-8.845416
-8.821425
-8.800828
-8.779808
-8.758596
-8.740936
-8.723043
-8.704099
-8.689005
-8.674050
-8.657133
-8.644473
-8.632763
-8.618003
-8.607949
-8.600265
-8.587715
-8.580523
-8.578266
-8.567491
-8.562651
-8.572020
-8.561398
-5.046794
-8.524454
-8.546638
-8.552518
-8.546280
-8.551779
-8.557293
-8.556056
-8.560916
-8.567724
-8.569901
-8.575971
-8.584703
-8.590245
-8.598440
-8.609773
-8.618895
-8.629853
-8.644142
-8.656922
-8.670854
-8.688045
-8.704316
-8.721228
-8.741263
-8.760825
-8.780649
-8.803553
-8.826474
-8.849446
-8.875452
-8.902094
-8.928688
-8.958344
-8.989188
-9.020061
-9.053860
-9.089334
-9.124938
-9.163301
-9.203746
-9.244405
-9.287681
-9.333472
-9.379608
-9.428304
-9.479958
-9.532296
-9.587207
-9.645622
-9.705203
-9.767469
-9.833758
-9.901892
-9.972848
-10.048466
-10.126600
-10.207750
-10.294140
-10.383927
-10.477032
-10.576144
-10.679666
-10.787150
-10.901575
-11.021778
-11.146948
-11.280390
-11.421419
-11.568998
-11.726494
-11.894068
-12.070361
-12.258974
-12.460910
-12.674645
-12.904227
-13.151678
-13.415719
-13.700669
-14.010501
-14.344417
-14.707808
-15.107018
-15.543091
-16.023211
-16.558064
-17.152256
-17.817699
-18.572832
-19.431427
-20.416674
-21.565969
-22.917452
-24.528507
-26.492825
-28.933498
-32.044720
-36.165733
-41.875488
-50.305618
-64.058273
-90.492287
-162.165192
-1093.804688
210.463379
91.841858
56.941589
40.245071
30.436562
23.982794
19.414803
15.999466
13.349564
11.235877
9.502258
8.054145
6.829197
5.773096
4.852192
4.045185
3.327260
2.682835
2.104233
1.578223
1.095724
0.654731
0.246993
-0.133429
-0.486611
-0.817299
-1.130458
-1.424982
-1.703763
-1.971033
-2.225423
-2.468401
-2.703782
-2.930208
-3.148198
-3.361214
-3.568237
-3.768926
-3.966642
-4.160666
-4.350108
-4.538221
-4.724548
-4.907821
-5.090937
-5.274041
-5.455497
-5.637815
-5.821593
-6.004968
-6.190143
-6.378226
-6.567146
-6.758753
-6.954653
-7.152831
-7.354710
-7.562515
-7.774241
-7.991042
-8.215487
-8.445961
-8.683240
-8.930301
-9.185930
-9.450461
-9.727448
-10.016253
-10.316746
-10.633045
-10.965332
-11.313304
-11.681818
-12.071945
-12.483762
-12.922826
-13.391867
-13.891513
-14.428537
-15.008206
-15.632427
-16.310167
-17.050362
-17.858152
-18.746433
-19.731131
-20.823738
-22.046286
-23.427862
-24.996336
-26.794767
-28.884663
-31.336987
-34.256680
-37.802608
-42.192093
-47.768593
-55.107315
-65.189606
-79.906830
-103.457291
-147.179764
-256.426453
-1021.158569
508.271912
202.338226
125.852272
91.082352
71.196388
58.326935
49.317726
42.648663
37.516182
33.446594
30.133057
27.385338
25.072906
23.094112
21.382799
19.891279
18.575378
17.405880
16.362923
15.423410
14.572159
13.800506
13.095073
12.446460
11.851356
11.301370
10.789949
10.316298
9.875010
9.460985
9.074500
8.712292
8.369882
8.048079
7.745053
7.456705
7.184083
6.926266
6.679624
6.445081
6.222601
6.008801
5.804441
5.610183
5.422892
5.242979
5.071688
4.906240
4.746571
4.594331
4.447019
4.304221
4.167827
4.035696
3.906973
3.783738
3.664344
3.547426
3.435286
3.326669
3.219890
3.117269
3.018110
2.920318
2.826159
2.735476
2.645832
2.559321
2.476341
2.394168
2.314567
2.238550
2.163184
2.089848
2.020224
1.951195
1.883754
1.820292
1.757644
1.696291
1.639359
1.583855
1.529550
1.480374
1.433584
1.388175
1.348984
1.313791
1.280698
1.255698
1.237695
1.223979
1.222494
1.234681
1.257985
1.304932
1.384622
1.500845
1.685414
1.987090
2.483726
3.430896
5.749578
17.506180
-18.006910
-6.279729
-3.968244
-3.008973
-2.513161
-2.214080
-2.022329
-1.904211
-1.825589
-1.773346
-1.747395
-1.735802
-1.733410
-1.744277
-1.762565
-1.784431
-1.814379
-1.849199
-1.885301
-1.926781
-1.972087
-2.017645
-2.066949
-2.119661
-2.172241
-2.227664
-2.286367
-2.345031
-2.405905
-2.470150
-2.534676
-2.601041
-2.670949
-2.741462
-2.813578
-2.889325
-2.966127
-3.044280
-3.126173
-3.209533
-3.294141
-3.382573
-3.473047
-3.564851
-3.660643
-3.759149
-3.859279
-3.963675
-4.071576
-4.181566
-4.296165
-4.415204
-4.536801
-4.663489
-4.795508
-4.930894
-5.071782
-5.219097
-5.370777
-5.528693
-5.694342
-5.865636
-6.044327
-6.232466
-6.428099
-6.632683
-6.848911
-7.075182
-7.312624
-7.564588
-7.829980
-8.109596
-8.407722
-8.723896
-9.058805
-9.417746
-9.801304
-10.210641
-10.652280
-11.128628
-11.641687
-12.200060
-12.809352
-13.473634
-14.205125
-15.014633
-15.911281
-16.914749
-18.046301
-19.326607
-20.792177
-22.489826
-24.471579
-26.821047
-29.657320
-33.139133
-37.522369
-43.221645
-50.919838
-61.903751
-78.880676
-108.567329
-173.834076
-434.908447
870.304993
217.637939
124.398598
87.088791
66.977882
54.406250
45.797760
39.523739
34.752090
30.999115
27.961973
25.457499
23.356504
21.562180
20.014999
18.667450
17.478115
16.422337
15.480149
14.629366
13.858482
13.158299
12.515414
11.923374
11.378397
10.871434
10.398359
9.958150
9.544548
9.154079
8.787433
8.440059
8.109060
7.795652
7.496763
7.209416
6.935263
6.672111
6.417197
6.172036
5.935370
5.704247
5.480250
5.262770
5.048883
4.839887
4.635903
4.433960
4.235129
4.039968
3.845671
3.652867
3.462632
3.272152
3.081593
2.892371
2.701832
2.509599
2.317483
2.122778
1.924686
1.725105
1.521768
1.313180
1.101288
0.884164
0.659703
0.429824
0.192851
-0.054118
-0.309273
-0.574142
-0.852348
-1.142656
-1.446414
-1.768307
-2.107858
-2.466600
-2.850309
-3.260081
-3.697718
-4.171032
-4.683288
-5.237601
-5.845076
-6.512938
-7.247959
-8.066878
-8.985647
-10.019525
-11.198804
-12.558769
-14.138674
-16.004938
-18.248476
-20.988436
-24.420477
-28.855803
-34.796646
-43.183384
-55.945732
-77.690224
-123.120880
-277.589661
1421.187744
207.716553
114.375763
79.971642
62.063938
51.090561
43.670395
38.310871
34.265598
31.100849
28.551834
26.460436
24.712513
23.224981
21.948063
20.840019
19.864943
19.003609
18.238035
17.549017
16.928011
16.367012
15.853976
15.384661
14.955813
14.559097
14.191966
13.853642
13.538044
13.243242
12.969739
12.713057
12.471269
12.245795
12.033106
11.831229
11.642067
11.463063
11.292093
11.131169
10.978563
10.832075
10.693713
10.562476
10.435921
10.315954
10.202292
10.092324
9.987671
9.888620
9.792464
9.700606
9.613702
9.529150
9.447877
9.371164
9.296350
9.224052
9.155940
9.089618
9.025145
8.964606
8.905806
8.848357
8.794567
8.742564
8.691447
8.643697
8.597785
8.552210
8.509676
8.469078
8.428346
8.390256
8.354272
8.317800
8.283620
8.251801
8.219310
8.188706
8.160959
8.132404
8.105353
8.081508
8.056854
8.033065
8.012979
7.991958
7.971072
7.954172
7.936397
7.917710
7.903530
7.888645
7.871442
7.859644
7.847900
7.831754
7.822452
7.814944
7.799101
7.792962
7.795119
7.772354
128.504669
7.743674
7.763646
7.760598
7.752097
7.756613
7.757627
7.754160
7.758120
7.761559
7.761223
7.765802
7.771134
7.773321
7.778995
7.786197
7.790895
7.798221
7.807660
7.815132
7.824660
7.836668
7.847247
7.859270
7.873998
7.887628
7.902248
7.919561
7.936163
7.953261
7.973038
7.992482
8.012137
8.034455
8.056900
8.079391
8.104577
8.130389
8.156202
8.184707
8.214320
8.243893
8.276076
8.309769
8.343420
8.379552
8.417562
8.455590
8.495930
8.538554
8.581363
8.626428
8.674250
8.722537
8.773160
8.827040
8.881895
8.939106
9.000149
9.062714
9.127776
9.197217
9.268815
9.343069
9.422333
9.504598
9.589841
9.680839
9.775947
9.874774
9.980367
10.091651
10.207745
10.332141
10.464320
10.603090
10.752231
10.912067
11.081137
11.263668
11.461148
11.671996
11.901170
12.151882
12.423000
12.720770
13.051179
13.414953
13.820839
14.280137
14.798182
15.390339
16.079700
16.885101
17.841650
19.006054
20.445696
22.274382
24.693659
28.033758
32.951298
40.965649
56.340717
97.969276
638.889038
-118.304550
-49.396782
-29.109644
-19.387394
-13.658906
-9.882024
-7.199455
-5.182529
-3.611899
-2.352625
-1.310804
-0.435377
0.310483
0.961174
1.533505
2.039840
2.497013
2.912261
3.289268
3.638052
3.962663
4.263147
4.546309
4.814952
5.067718
5.309320
5.542325
5.764705
5.979757
6.190045
6.393462
6.592031
6.788515
6.980704
7.169855
7.358819
7.545512
7.730440
7.916492
8.102046
8.286866
8.473957
8.662019
8.850446
9.042163
9.236394
9.432041
9.632079
9.836143
10.042901
10.255051
10.472827
10.694637
10.923009
11.158731
11.399967
11.649088
11.907434
12.173212
12.448519
12.735365
13.032123
13.340563
13.663527
13.999520
14.350370
14.719403
15.105847
15.511141
15.939647
16.391222
16.867508
17.373682
17.910904
18.481009
19.090834
19.743076
20.440701
21.192698
22.004654
22.881647
23.836071
24.878611
26.018663
27.275265
28.667866
30.215853
31.950975
33.911873
36.140034
38.699070
41.672401
45.163074
49.323547
54.375534
60.630260
68.581230
79.043007
93.414650
114.401764
147.981339
210.316055
366.092468
1456.518311
-724.256226
-288.048370
-178.993576
-129.410400
-101.056129
-82.707260
-69.856071
-60.344120
-53.023983
-47.214336
-42.484154
-38.561359
-35.255493
-32.425648
-29.977774
-27.840990
-25.954153
-24.277037
-22.778444
-21.426790
-20.201836
-19.088879
-18.069244
-17.131544
-16.268421
-15.468273
-14.723561
-14.031223
-13.383283
-12.774282
-12.203259
-11.664878
-11.154655
-10.672749
-10.215507
-9.779037
-9.364034
-8.968100
-8.587547
-8.223362
-7.874145
-7.536330
-7.211045
-6.897580
-6.592566
-6.296925
-6.010727
-5.730767
-5.457664
-5.192081
-4.931084
-4.674765
-4.424382
-4.177049
-3.932523
-3.692332
-3.453819
-3.216340
-2.981589
-2.747192
-2.511990
-2.277845
-2.042754
-1.804965
-1.566421
-1.325495
-1.079800
-0.831345
-0.578813
-0.319145
-0.054128
0.217334
0.498872
0.789361
1.089532
1.403956
1.732250
2.075148
2.438277
2.822608
3.228986
3.664781
4.132917
4.635504
5.182333
5.780231
6.434297
7.159304
7.969965
8.878717
9.912520
11.103570
12.486286
14.120463
16.090126
18.504768
21.547068
25.515867
30.902191
38.656017
50.826431
72.683327
123.603935
378.116455
-385.210754
-130.687164
-79.767395
-57.918861
-45.754704
-38.007626
-32.633350
-28.676908
-25.648102
-23.251211
-21.300934
-19.687243
-18.328844
-17.164196
-16.158098
-15.280650
-14.503473
-13.813151
-13.197049
-12.639464
-12.134221
-11.676284
-11.255443
-10.868690
-10.514093
-10.184724
-9.878455
-9.595620
-9.330832
-9.082427
-8.851536
-8.634306
-8.428840
-8.236929
-8.055720
-7.883127
-7.721273
-7.568141
-7.421453
-7.283436
-7.152874
-7.027355
-6.909052
-6.797248
-6.689644
-6.588049
-6.492460
-6.400328
-6.313280
-6.231861
-6.153504
-6.079367
-6.010601
-5.944578
-5.882144
-5.824890
-5.770347
-5.718988
-5.672771
-5.629477
-5.589130
-5.554053
-5.522395
-5.493468
-5.470160
-5.450786
-5.434353
-5.423755
-5.417978
-5.415432
-5.419169
-5.428709
-5.442229
-5.462805
-5.490740
-5.523896
-5.565471
-5.616785
-5.675405
-5.744773
-5.827400
-5.920936
-6.029115
-6.155969
-6.299905
-6.465076
-6.658256
-6.879408
-7.134689
-7.435436
-7.786084
-8.198023
-8.693511
-9.289778
-10.016164
-10.926673
-12.086849
-13.603526
-15.679847
-18.667566
-23.298717
-31.451502
-49.451923
-121.521317
239.175140
58.911266
33.176636
22.914291
17.415493
13.986008
11.654437
9.975512
8.704676
7.715312
6.930044
6.287760
5.755941
5.314100
4.937912
4.615364
4.340788
4.101679
3.891919
3.711088
3.551651
3.409617
3.286464
3.177546
3.079558
2.994728
2.920169
2.852829
2.795093
2.745419
2.700667
2.663144
2.632208
2.604777
2.582864
2.566561
2.552817
2.543319
2.538700
2.536140
2.536809
2.542026
2.549024
2.558629
2.572508
2.588266
2.606153
2.628223
2.652297
2.678243
2.708271
2.740603
2.774503
2.812480
2.853017
2.895078
2.941115
2.990223
3.040897
3.095640
3.154051
3.214368
3.279003
3.348181
3.419814
3.496208
3.578179
3.663455
3.754136
3.851683
3.953701
4.061978
4.178815
4.301794
4.432508
4.574029
4.724247
4.884577
5.059085
5.246364
5.447645
5.668466
5.908468
6.169178
6.458092
6.776868
7.128310
7.523184
7.967472
8.467407
9.040770
9.703371
10.472107
11.383323
12.480221
13.817455
15.495520
17.666229
20.569653
24.671442
30.917864
41.551208
63.771282
139.345703
-691.615479
-98.041191
-52.391666
-35.555653
-26.789766
-21.420576
-17.784540
-15.155074
-13.171621
-11.616152
-10.360170
-9.330421
-8.467278
-7.729765
-7.097071
-6.546457
-6.059151
-5.628968
-5.245361
-4.897504
-4.583902
-4.299640
-4.037159
-3.796528
-3.575788
-3.369146
-3.177112
-2.999466
-2.831462
-2.673491
-2.526583
-2.386554
-2.253557
-2.129206
-2.010077
-1.895868
-1.788630
-1.685408
-1.585578
-1.491243
-1.400216
-1.311412
-1.227037
-1.145514
-1.065316
-0.988797
-0.914884
-0.841721
-0.771587
-0.703946
-0.636706
-0.571899
-0.509516
-0.447222
-0.386814
-0.328690
-0.270441
-0.213497
-0.158778
-0.103736
-0.049395
0.002673
0.055151
0.107321
0.157320
0.207451
0.257733
0.305802
0.353982
0.402552
0.448955
0.495263
0.542412
0.587474
0.632308
0.678501
0.722892
0.766614
0.812183
0.856180
0.899284
0.944433
0.988415
1.030837
1.075698
1.119484
1.161254
1.205453
1.249082
1.290029
1.333489
1.377356
1.417665
1.460901
1.505626
1.545648
1.588565
1.635153
1.675592
1.718160
1.768596
1.808573
1.848484
1.916291
-817.801636
2.006175
2.032049
2.083768
2.134898
2.175497
2.222952
2.273368
2.316939
2.363948
2.414079
2.459781
2.507255
2.558113
2.605943
2.654769
2.707110
2.757459
2.808182
2.862338
2.915137
2.967873
3.023816
3.078987
3.133925
3.191622
3.249155
3.306192
3.365895
3.425997
3.485527
3.547631
3.610798
3.673461
3.738662
3.805350
3.871777
3.940502
4.011255
4.081853
4.154609
4.229725
4.304861
4.382065
4.461965
4.542201
4.624419
4.709750
4.795956
4.884088
4.975955
5.069233
5.164552
5.264093
5.365699
5.469660
5.578334
5.689830
5.803908
5.923194
6.046230
6.172311
6.304318
6.441150
6.581878
6.729321
6.883193
7.042026
7.208900
7.384252
7.566171
7.757990
7.960745
8.172488
8.396548
8.635044
8.886003
9.152898
9.439021
9.743064
10.068701
10.421052
10.799961
11.209871
11.658728
12.148651
12.686362
13.284597
13.950356
14.695764
15.543176
16.511866
17.628466
18.940193
20.500210
22.384262
24.721373
27.696993
31.611351
37.024471
45.013054
57.994003
82.910492
150.459152
1027.557861
-200.237747
-88.568611
-55.660477
-39.886360
-30.618326
-24.496096
-20.142298
-16.885653
-14.344366
-12.301200
-10.623723
-9.212387
-8.004745
-6.961586
-6.044740
-5.229032
-4.500784
-3.842113
-3.239653
-2.688780
-2.180020
-1.704602
-1.261643
-0.845682
-0.450461
-0.076313
0.279919
0.623048
0.952435
1.269376
1.578463
1.878698
2.170183
2.457090
2.738735
3.014525
3.287979
3.558894
3.826294
4.093194
4.360010
4.625034
4.891273
5.159566
5.427834
5.698890
5.973723
6.250461
6.531243
6.817632
7.107806
7.403424
7.706485
8.015249
8.331197
8.656522
8.989928
9.332457
9.686955
10.052357
10.429406
10.821405
11.228037
11.649473
12.089754
12.549038
13.027604
13.529921
14.056939
14.609206
15.191923
15.807111
16.455988
17.144541
17.876949
18.655260
19.486879
20.379095
21.335663
22.366858
23.484074
24.694902
26.014698
27.461924
29.052254
30.810356
32.768734
34.959557
37.428799
40.239647
43.463833
47.201122
51.594284
56.828011
63.170113
71.028435
81.020187
94.145561
112.184097
138.531540
180.647385
258.840332
454.274353
1821.901978
-913.256348
-366.189087
-229.369141
-167.157272
-131.594833
-108.558815
-92.420303
-80.484207
-71.286880
-63.981415
-58.040482
-53.106636
-48.942108
-45.383232
-42.300316
-39.602345
-37.224552
-35.107914
-33.209953
-31.501238
-29.951056
-28.536100
-27.241915
-26.051294
-24.949234
-23.928957
-22.979824
-22.091785
-21.261187
-20.481689
-19.745630
-19.051130
-18.394522
-17.769495
-17.175074
-16.609329
-16.066898
-15.547310
-15.049584
-14.569286
-14.105896
-13.659544
-13.226215
-12.805267
-12.397515
-11.999491
-11.610358
-11.231256
-10.859324
-10.493177
-10.134390
-9.780406
-9.429608
-9.083541
-8.740279
-8.397600
-8.057234
-7.717646
-7.376266
-7.034653
-6.691759
-6.344601
-5.994602
-5.641026
-5.280501
-4.914013
-4.541174
-4.158299
-3.765452
-3.362761
-2.945740
-2.513907
-2.067146
-1.600507
-1.112190
-0.601940
-0.063971
0.505294
1.106855
1.747934
2.434753
3.169950
3.963441
4.825747
5.763427
6.791527
7.928830
9.190561
10.602789
12.201714
14.023091
16.121927
18.577402
21.485027
24.987276
29.304123
34.753944
41.856506
51.528530
65.474113
87.346825
126.691109
218.434830
676.875977
-698.333069
-239.886429
-148.145981
-108.814697
-86.954384
-73.022888
-63.371094
-56.290108
-50.863628
-46.575302
-43.103149
-40.227623
-37.808453
-35.748562
-33.968086
-32.414326
-31.050268
-29.839338
-28.756947
-27.787479
-26.910997
-26.114428
-25.390825
-24.728556
-24.118994
-23.559673
-23.043255
-22.563290
-22.119555
-21.707121
-21.321117
-20.961988
-20.626846
-20.311424
-20.016685
-19.740900
-19.480453
-19.236250
-19.007877
-18.791752
-18.588663
-18.399115
-18.219774
-18.051157
-17.894354
-17.746258
-17.607162
-17.478535
-17.357708
-17.244513
-17.140846
-17.044413
-16.954695
-16.873842
-16.800104
-16.732569
-16.673569
-16.621820
-16.576115
-16.538828
-16.509249
-16.485664
-16.470688
-16.464230
-16.464115
-16.472910
-16.491064
-16.516460
-16.551447
-16.597366
-16.651844
-16.717356
-16.795940
-16.885416
-16.988230
-17.107309
-17.240967
-17.391369
-17.563002
-17.754723
-17.968945
-18.211733
-18.483557
-18.787397
-19.132380
-19.521362
-19.959803
-20.461683
-21.035484
-21.693010
-22.458344
-23.354366
-24.409554
-25.675770
-27.216619
-29.119432
-31.534090
-34.691780
-38.971107
-45.105576
-54.618015
-71.276794
-107.973923
-254.923706
479.907410
112.535431
60.097809
39.130161
27.848866
20.816999
16.009092
12.516140
9.872251
7.797879
6.125595
4.755822
3.610115
2.635522
1.801880
1.078388
0.441899
-0.118099
-0.615740
-1.063953
-1.466261
-1.829751
-2.163041
-2.466756
-2.744489
-3.002660
-3.241088
-3.461205
-3.668161
-3.861700
-4.041805
-4.212947
-4.374905
-4.526947
-4.672511
-4.812055
-4.943953
-5.071480
-5.194920
-5.312562
-5.426914
-5.538880
-5.646389
-5.751475
-5.855484
-5.956196
-6.055181
-6.154172
-6.250971
-6.346741
-6.443438
-6.539078
-6.634254
-6.731239
-6.828233
-6.925321
-7.024982
-7.125692
-7.227087
-7.331730
-7.438583
-7.546769
-7.659063
-7.774895
-7.892951
-8.016180
-8.144587
-8.276586
-8.415104
-8.560851
-8.711936
-8.871467
-9.040822
-9.217998
-9.406111
-9.607523
-9.820395
-10.047764
-10.293386
-10.555974
-10.838869
-11.147545
-11.481963
-11.846407
-12.248961
-12.692259
-13.182695
-13.733475
-14.352309
-15.051385
-15.854060
-16.780989
-17.860315
-19.141853
-20.684032
-22.569157
-24.939056
-28.003941
-32.110500
-37.920155
-46.766384
-61.839169
-93.362579
-200.581406
978.553040
136.320267
71.552811
47.678783
35.263893
27.664190
22.523924
18.816500
16.023302
13.836379
12.077800
10.638500
9.434304
8.410755
7.535242
6.774705
6.106086
5.518269
4.995452
4.525175
4.103877
3.723193
3.374938
3.058524
2.769386
2.501366
2.255063
2.028122
1.815481
1.618178
1.435359
1.262699
1.101146
0.950870
0.808148
0.673550
0.548107
0.428513
0.314907
0.208866
0.107392
0.010330
-0.080467
-0.167537
-0.251469
-0.330204
-0.405762
-0.479167
-0.548209
-0.614370
-0.679107
-0.740107
-0.798417
-0.855757
-0.909936
-0.961443
-1.012379
-1.060714
-1.106423
-1.151891
-1.195309
-1.236168
-1.277078
-1.316480
-1.353386
-1.390455
-1.426553
-1.460123
-1.493828
-1.527057
-1.557615
-1.588221
-1.618718
-1.646568
-1.674200
-1.702228
-1.727571
-1.752567
-1.778396
-1.801813
-1.824526
-1.848730
-1.870660
-1.891597
-1.914475
-1.935376
-1.954708
-1.976397
-1.996322
-2.013880
-2.034204
-2.053099
-2.068592
-2.087282
-2.105236
-2.118369
-2.135359
-2.153234
-2.163947
-2.179634
-2.199300
-2.206912
-2.220800
-2.258594
434.221100
-2.268235
-2.266462
-2.290917
-2.307639
-2.315364
-2.332420
-2.348367
-2.358033
-2.372421
-2.387308
-2.397193
-2.409784
-2.423529
-2.433271
-2.444512
-2.457391
-2.467052
-2.477544
-2.489973
-2.499943
-2.510183
-2.522525
-2.532891
-2.543083
-2.555322
-2.566082
-2.576149
-2.588142
-2.598989
-2.608800
-2.620370
-2.631195
-2.640823
-2.652066
-2.662975
-2.672627
-2.683773
-2.695054
-2.705017
-2.716319
-2.728138
-2.738626
-2.750206
-2.762558
-2.773568
-2.785362
-2.798148
-2.809628
-2.821603
-2.834817
-2.846831
-2.859117
-2.872903
-2.885738
-2.898683
-2.913345
-2.927394
-2.941353
-2.957246
-2.972798
-2.988084
-3.005355
-3.022641
-3.039436
-3.058269
-3.077491
-3.096064
-3.116756
-3.138331
-3.159265
-3.182470
-3.207213
-3.231498
-3.258241
-3.287413
-3.316400
-3.348127
-3.383217
-3.418690
-3.457268
-3.500442
-3.544825
-3.593012
-3.647591
-3.705055
-3.767716
-3.839788
-3.917981
-4.004615
-4.106225
-4.220584
-4.350849
-4.508000
-4.693564
-4.915016
-5.195069
-5.550890
-6.013875
-6.661778
-7.618319
-9.160899
-12.136975
-20.213270
-124.835358
21.652237
8.339410
4.402020
2.520515
1.421232
0.688487
0.169989
-0.213166
-0.516080
-0.758736
-0.954128
-1.121212
-1.264368
-1.384834
-1.492640
-1.589326
-1.672905
-1.749809
-1.821240
-1.884074
-1.942766
-1.998780
-2.048812
-2.095814
-2.141822
-2.183460
-2.222806
-2.262104
-2.298327
-2.332644
-2.367597
-2.400436
-2.431634
-2.463799
-2.494669
-2.523942
-2.554366
-2.584020
-2.612131
-2.641391
-2.670388
-2.697879
-2.726503
-2.755365
-2.782842
-2.811415
-2.840767
-2.868956
-2.898225
-2.928760
-2.958390
-2.989063
-3.021434
-3.053169
-3.085826
-3.120551
-3.154936
-3.190136
-3.227723
-3.265371
-3.303803
-3.345029
-3.386877
-3.429583
-3.475607
-3.522986
-3.571520
-3.623955
-3.678676
-3.734946
-3.795822
-3.860100
-3.926536
-3.998454
-4.075209
-4.155107
-4.241685
-4.335180
-4.433473
-4.540442
-4.657393
-4.782084
-4.918798
-5.070395
-5.234858
-5.417190
-5.622722
-5.850463
-6.107221
-6.402611
-6.739160
-7.128500
-7.590123
-8.137634
-8.798951
-9.623734
-10.669783
-12.039781
-13.930669
-16.690613
-21.093103
-29.284760
-49.761017
-192.949371
93.476601
36.194923
21.855177
15.343847
11.626043
9.210692
7.522153
6.276622
5.312024
4.547418
3.928658
3.411287
2.975194
2.605401
2.282692
2.000304
1.754195
1.533584
1.335361
1.159470
0.998864
0.851494
0.718947
0.596353
0.481785
0.377594
0.280360
0.188077
0.103368
0.023931
-0.052454
-0.123119
-0.189511
-0.254006
-0.314172
-0.370686
-0.426114
-0.478318
-0.527339
-0.575864
-0.622122
-0.665605
-0.708955
-0.750876
-0.790284
-0.829815
-0.868542
-0.904958
-0.941553
-0.977854
-1.012008
-1.046294
-1.080744
-1.113240
-1.145809
-1.178996
-1.210525
-1.242092
-1.274761
-1.306144
-1.337555
-1.370509
-1.402607
-1.434671
-1.468678
-1.502260
-1.535726
-1.571466
-1.607263
-1.642916
-1.681177
-1.720158
-1.759079
-1.801101
-1.844750
-1.888699
-1.936419
-1.987046
-2.038673
-2.095036
-2.156022
-2.219175
-2.288512
-2.364919
-2.445525
-2.534679
-2.634850
-2.743051
-2.864404
-3.003997
-3.159740
-3.338778
-3.551471
-3.799775
-4.097595
-4.469635
-4.935512
-5.539788
-6.370741
-7.564295
-9.428667
-12.799254
-20.649824
-59.809040
57.734138
18.544989
10.685972
7.325952
5.458894
4.260786
3.434995
2.830866
2.362495
1.994768
1.699221
1.450544
1.242636
1.067835
0.913710
0.779599
0.663984
0.558852
0.464581
0.382096
0.305549
0.235198
0.173131
0.114869
0.060229
0.011829
-0.033783
-0.077341
-0.116006
-0.152413
-0.187808
-0.219343
-0.248934
-0.278269
-0.304596
-0.329170
-0.353973
-0.376486
-0.397271
-0.418582
-0.438135
-0.455908
-0.474290
-0.491351
-0.506507
-0.522271
-0.537100
-0.549963
-0.563375
-0.576283
-0.587228
-0.598669
-0.610023
-0.619485
-0.629341
-0.639481
-0.647794
-0.656306
-0.665395
-0.672677
-0.679861
-0.687823
-0.694012
-0.699763
-0.706447
-0.711475
-0.715731
-0.721092
-0.724998
-0.727845
-0.731965
-0.734923
-0.736496
-0.739456
-0.741529
-0.741829
-0.743453
-0.744429
-0.743123
-0.742893
-0.742222
-0.738648
-0.735756
-0.732633
-0.725919
-0.719319
-0.712707
-0.701670
-0.689822
-0.678011
-0.660412
-0.640215
-0.619302
-0.589743
-0.553263
-0.512554
-0.455276
-0.378016
-0.280177
-0.131995
0.104745
0.504252
1.401250
5.042012
-13.038902
-4.012328
-2.739776
-2.218489
-1.939330
-1.773038
-1.653329
-1.565775
-1.505050
-1.454053
-1.411778
-1.381604
-1.354560
-1.330070
-1.312753
-1.296833
-1.281067
-1.270080
-1.259960
-1.248868
-1.241099
-1.234138
-1.225686
-1.219613
-1.214514
-1.207768
-1.202774
-1.198990
-1.193623
-1.189494
-1.186794
-1.182612
-1.179199
-1.177328
-1.174058
-1.171077
-1.169635
-1.166918
-1.164045
-1.162680
-1.160229
-1.157254
-1.155783
-1.153497
-1.150442
-1.148886
-1.146840
-1.143848
-1.142293
-1.140563
-1.137694
-1.136116
-1.134614
-1.131771
-1.129974
-1.128456
-1.125424
-1.123156
-1.121394
-1.118025
-1.115146
-1.113047
-1.109351
-1.105903
-1.103510
-1.099602
-1.095656
-1.092997
-1.088901
-1.084390
-1.081276
-1.076789
-1.071402
-1.067423
-1.062137
-1.055403
-1.050041
-1.043512
-1.034976
-1.027742
-1.019566
-1.008810
-0.999190
-0.988867
-0.975231
-0.962285
-0.948729
-0.930717
-0.912382
-0.893091
-0.867389
-0.839211
-0.808705
-0.767963
-0.719884
-0.664904
-0.590070
-0.493436
-0.370905
-0.189746
0.087754
0.544342
1.515525
4.836250
-31.395538
-5.535360
-3.557889
-2.814375
-2.431626
-2.203814
-2.042842
-1.927901
-1.846285
-1.778144
-1.723147
-1.682097
-1.644841
-1.612130
-1.587344
-1.563799
-1.541587
-1.524727
-1.508485
-1.492193
-1.479897
-1.468253
-1.455882
-1.446634
-1.438205
-1.428676
-1.421547
-1.415387
-1.407860
-1.402077
-1.397371
-1.391162
-1.386121
-1.382268
-1.376919
-1.372291
-1.369012
-1.364375
-1.360116
-1.357379
-1.353500
-1.349702
-1.347524
-1.344435
-1.341093
-1.339377
-1.336937
-1.333901
-1.332401
-1.330371
-1.327435
-1.325915
-1.324109
-1.321178
-1.319558
-1.317973
-1.315135
-1.313513
-1.312279
-1.309720
-1.308214
-1.307411
-1.305220
-1.303821
-1.303380
-1.301458
-1.299995
-1.299689
-1.297863
-1.296135
-1.295776
-1.293972
-1.291922
-1.291519
-1.289861
-1.287653
-1.287362
-1.286100
-1.283922
-1.283879
-1.283171
-1.281074
-1.281190
-1.280949
-1.278718
-1.278671
-1.278658
-1.275979
-1.275404
-1.275492
-1.272213
-1.270963
-1.271366
-1.267660
-1.265839
-1.267187
-1.263401
-1.260995
-1.264261
-1.260457
-1.256213
-1.263315
-1.257821
-1.235401
-13.892821
-1.269664
-1.277604
-1.264469
-1.264328
-1.268890
-1.263660
-1.262080
-1.264564
-1.260980
-1.258577
-1.259883
-1.257148
-1.254528
-1.255355
-1.253489
-1.251117
-1.251895
-1.250904
-1.248918
-1.249693
-1.249314
-1.247553
-1.248097
-1.247947
-1.246142
-1.246215
-1.246036
-1.244083
-1.243675
-1.243464
-1.241513
-1.240827
-1.240754
-1.239035
-1.238302
-1.238490
-1.237121
-1.236397
-1.236785
-1.235690
-1.234848
-1.235216
-1.234211
-1.233089
-1.233260
-1.232249
-1.230826
-1.230794
-1.229853
-1.228286
-1.228191
-1.227501
-1.225984
-1.225938
-1.225592
-1.224196
-1.224163
-1.224077
-1.222699
-1.222489
-1.222473
-1.220965
-1.220412
-1.220339
-1.218679
-1.217778
-1.217707
-1.216056
-1.214959
-1.215071
-1.213645
-1.212510
-1.212886
-1.211783
-1.210568
-1.211107
-1.210201
-1.208695
-1.209107
-1.208196
-1.206151
-1.206221
-1.205238
-1.202602
-1.202336
-1.201484
-1.198431
-1.198007
-1.197632
-1.194362
-1.193859
-1.194166
-1.190509
-1.189477
-1.190213
-1.185216
-1.182173
-1.182288
-1.173068
-1.163029
-1.157290
-1.125641
-1.045952
-0.261436
-1.405965
-1.302303
-1.254976
-1.240715
-1.234502
-1.221899
-1.216837
-1.215795
-1.209491
-1.206493
-1.206966
-1.203431
-1.201328
-1.202329
-1.200195
-1.198321
-1.199213
-1.197645
-1.195592
-1.196029
-1.194654
-1.192330
-1.192324
-1.191144
-1.188792
-1.188590
-1.187786
-1.185666
-1.185471
-1.185129
-1.183323
-1.183123
-1.183102
-1.181479
-1.181086
-1.181119
-1.179489
-1.178731
-1.178650
-1.176951
-1.175828
-1.175665
-1.174027
-1.172720
-1.172618
-1.171234
-1.169909
-1.169955
-1.168898
-1.167582
-1.167686
-1.166840
-1.165397
-1.165346
-1.164536
-1.162822
-1.162466
-1.161616
-1.159637
-1.158990
-1.158198
-1.156123
-1.155335
-1.154754
-1.152761
-1.151920
-1.151607
-1.149732
-1.148737
-1.148545
-1.146629
-1.145242
-1.144922
-1.142762
-1.140779
-1.140166
-1.137736
-1.135128
-1.134259
-1.131715
-1.128592
-1.127593
-1.125109
-1.121511
-1.120317
-1.117809
-1.113405
-1.111526
-1.108490
-1.102444
-1.098867
-1.094302
-1.085152
-1.078124
-1.070250
-1.055082
-1.040656
-1.024463
-0.993780
-0.955723
-0.903084
-0.786178
-0.509082
1.328125
-2.413045
-1.659520
-1.456657
-1.376122
-1.330615
-1.293631
-1.273403
-1.259969
-1.244181
-1.234688
-1.228755
-1.219473
-1.213176
-1.209728
-1.203241
-1.198211
-1.195865
-1.191078
-1.186892
-1.185338
-1.181922
-1.178515
-1.177608
-1.175310
-1.172514
-1.171976
-1.170417
-1.167917
-1.167390
-1.166173
-1.163702
-1.162939
-1.161862
-1.159370
-1.158385
-1.157482
-1.155131
-1.154085
-1.153497
-1.151469
-1.150491
-1.150255
-1.148590
-1.147637
-1.147623
-1.146164
-1.145063
-1.145037
-1.143629
-1.142242
-1.142072
-1.140681
-1.139045
-1.138785
-1.137550
-1.135840
-1.135625
-1.134719
-1.133091
-1.132985
-1.132435
-1.130877
-1.130756
-1.130425
-1.128785
-1.128432
-1.128124
-1.126269
-1.125550
-1.125211
-1.123187
-1.122145
-1.121910
-1.119926
-1.118737
-1.118784
-1.117044
-1.115788
-1.116147
-1.114653
-1.113172
-1.113624
-1.112156
-1.110100
-1.110298
-1.108617
-1.105662
-1.105373
-1.103442
-1.099456
-1.098665
-1.096678
-1.091612
-1.090288
-1.088376
-1.081607
-1.078906
-1.076213
-1.064617
-1.055837
-1.045759
-1.008498
-0.939701
-0.638708
-1.638228
-1.291982
-1.210308
-1.188198
-1.173160
-1.156317
-1.150870
-1.146355
-1.137492
-1.134259
-1.132301
-1.126477
-1.124092
-1.123441
-1.119539
-1.117766
-1.117966
-1.115380
-1.113942
-1.114508
-1.112672
-1.111191
-1.111673
-1.110134
-1.108382
-1.108563
-1.107167
-1.105193
-1.105143
-1.104001
-1.102045
-1.101967
-1.101250
-1.099514
-1.099520
-1.099241
-1.097735
-1.097713
-1.097705
-1.096266
-1.096032
-1.096048
-1.094542
-1.093961
-1.093921
-1.092371
-1.091518
-1.091513
-1.090097
-1.089154
-1.089328
-1.088220
-1.087312
-1.087692
-1.086898
-1.085969
-1.086410
-1.085792
-1.084683
-1.084978
-1.084392
-1.083001
-1.083057
-1.082508
-1.080925
-1.080837
-1.080498
-1.078927
-1.078853
-1.078897
-1.077503
-1.077485
-1.077922
-1.076675
-1.076562
-1.077216
-1.075936
-1.075473
-1.076143
-1.074711
-1.073768
-1.074431
-1.072981
-1.071662
-1.072561
-1.071430
-1.070006
-1.071446
-1.071007
-1.069604
-1.071725
-1.072152
-1.070572
-1.073245
-1.074547
-1.072284
-1.075356
-1.077974
-1.074596
-1.078899
-1.086197
-1.083235
-1.100181
-1.188815
-0.876293
-1.007849
-1.016688
-1.033827
-1.037627
-1.034395
-1.039555
-1.041618
-1.038935
-1.041712
-1.043760
-1.041797
-1.043444
-1.045345
-1.043653
-1.044299
-1.045756
-1.044026
-1.043766
-1.044737
-1.042996
-1.042138
-1.042862
-1.041367
-1.040314
-1.041059
-1.040037
-1.039032
-1.039883
-1.039316
-1.038339
-1.039143
-1.038813
-1.037695
-1.038217
-1.037917
-1.036546
-1.036695
-1.036381
-1.034846
-1.034727
-1.034542
-1.033062
-1.032864
-1.032956
-1.031692
-1.031495
-1.031854
-1.030800
-1.030508
-1.030971
-1.029968
-1.029405
-1.029782
-1.028726
-1.027813
-1.028054
-1.027004
-1.025852
-1.026064
-1.025211
-1.024007
-1.024333
-1.023827
-1.022675
-1.023116
-1.022930
-1.021752
-1.022125
-1.022095
-1.020714
-1.020795
-1.020774
-1.019106
-1.018822
-1.018842
-1.017032
-1.016511
-1.016794
-1.015101
-1.014523
-1.015279
-1.013877
-1.013260
-1.014467
-1.013294
-1.012356
-1.013754
-1.012546
-1.010846
-1.012132
-1.010718
-1.007897
-1.009027
-1.007592
-1.003481
-1.004799
-1.004005
-0.998207
-1.000261
-1.001321
-0.990679
-0.992763
-0.999694
-1.179008
-1.018726
-1.002719
-1.011736
-1.009091
-1.004042
-1.008412
-1.008177
-1.004523
-1.006664
-1.006670
-1.003295
-1.003987
-1.003957
-1.000827
-1.000746
-1.000896
-0.998289
-0.997980
-0.998524
-0.996596
-0.996282
-0.997174
-0.995791
-0.995375
-0.996324
-0.995196
-0.994460
-0.995186
-0.994096
-0.992957
-0.993386
-0.992351
-0.990963
-0.991238
-0.990438
-0.989050
-0.989346
-0.988930
-0.987684
-0.988033
-0.987961
-0.986804
-0.987058
-0.987138
-0.985913
-0.985879
-0.985943
-0.984575
-0.984198
-0.984235
-0.982825
-0.982231
-0.982378
-0.981131
-0.980489
-0.980868
-0.979911
-0.979274
-0.979851
-0.979136
-0.978383
-0.978965
-0.978328
-0.977292
-0.977695
-0.977043
-0.975680
-0.975877
-0.975310
-0.973760
-0.973896
-0.973628
-0.972113
-0.972336
-0.972516
-0.971134
-0.971400
-0.971974
-0.970606
-0.970664
-0.971412
-0.969838
-0.969400
-0.970158
-0.968299
-0.967280
-0.968158
-0.966246
-0.964800
-0.966191
-0.964676
-0.963037
-0.965388
-0.964691
-0.962771
-0.966390
-0.966761
-0.963787
-0.969045
-0.971198
-0.964830
-0.975127
-0.992947
-0.810713
-0.947957
-0.948652
-0.961987
-0.958103
-0.953832
-0.958102
-0.956005
-0.952118
-0.954249
-0.953296
-0.950193
-0.951687
-0.951710
-0.949413
-0.950633
-0.951285
-0.949490
-0.950304
-0.951118
-0.949438
-0.949637
-0.950276
-0.948536
-0.948129
-0.948572
-0.946879
-0.946110
-0.946556
-0.945153
-0.944310
-0.944922
-0.943956
-0.943165
-0.943912
-0.943300
-0.942452
-0.943136
-0.942671
-0.941600
-0.942019
-0.941556
-0.940227
-0.940356
-0.939941
-0.938495
-0.938470
-0.938269
-0.936916
-0.936889
-0.937011
-0.935852
-0.935822
-0.936193
-0.935155
-0.934965
-0.935400
-0.934333
-0.933820
-0.934166
-0.933017
-0.932165
-0.932442
-0.931343
-0.930305
-0.930668
-0.929834
-0.928781
-0.929335
-0.928875
-0.927835
-0.928505
-0.928328
-0.927153
-0.927700
-0.927619
-0.926120
-0.926341
-0.926276
-0.924431
-0.924323
-0.924423
-0.922440
-0.922198
-0.922771
-0.920948
-0.920730
-0.921995
-0.920446
-0.920136
-0.922039
-0.920573
-0.919693
-0.921964
-0.920220
-0.918065
-0.920559
-0.918333
-0.914007
-0.917201
-0.914762
-0.905776
-0.911794
-0.910285
-0.746114
-0.916403
-0.907994
-0.917243
-0.909837
-0.906633
-0.911607
-0.909314
-0.907179
-0.910759
-0.910106
-0.908259
-0.910738
-0.910545
-0.908525
-0.909913
-0.909719
-0.907455
-0.907995
-0.907823
-0.905570
-0.905666
-0.905759
-0.903838
-0.903836
-0.904321
-0.902853
-0.902820
-0.903585
-0.902434
-0.902209
-0.902976
-0.901911
-0.901318
-0.901893
-0.900808
-0.899842
-0.900227
-0.899228
-0.898080
-0.898433
-0.897716
-0.896599
-0.897041
-0.896699
-0.895678
-0.896167
-0.896097
-0.895066
-0.895406
-0.895427
-0.894241
-0.894280
-0.894280
-0.892931
-0.892675
-0.892722
-0.891372
-0.890974
-0.891233
-0.890081
-0.889681
-0.890228
-0.889347
-0.888912
-0.889647
-0.888930
-0.888298
-0.888999
-0.888294
-0.887297
-0.887833
-0.887115
-0.885779
-0.886199
-0.885656
-0.884184
-0.884678
-0.884567
-0.883165
-0.883846
-0.884288
-0.882968
-0.883708
-0.884589
-0.883139
-0.883603
-0.884712
-0.882891
-0.882799
-0.884117
-0.881946
-0.881303
-0.883265
-0.881184
-0.880322
-0.883945
-0.882856
-0.882318
-0.889786
-0.891865
-0.893397
-0.915729
-0.946148
-1.107469
-0.715513
-0.809979
-0.843304
-0.845592
-0.850468
-0.859248
-0.858270
-0.858233
-0.862446
-0.861119
-0.859555
-0.861870
-0.860746
-0.858792
-0.860352
-0.859795
-0.858038
-0.859364
-0.859454
-0.858021
-0.859173
-0.859658
-0.858362
-0.859130
-0.859670
-0.858277
-0.858499
-0.858905
-0.857380
-0.857118
-0.857450
-0.855985
-0.855479
-0.855929
-0.854745
-0.854215
-0.854875
-0.854054
-0.853516
-0.854286
-0.853702
-0.853021
-0.853677
-0.853149
-0.852176
-0.852587
-0.852056
-0.850825
-0.851024
-0.850603
-0.849297
-0.849436
-0.849295
-0.848103
-0.848285
-0.848476
-0.847428
-0.847571
-0.847977
-0.846947
-0.846867
-0.847288
-0.846149
-0.845709
-0.846064
-0.844836
-0.844081
-0.844468
-0.843349
-0.842464
-0.843049
-0.842253
-0.841374
-0.842217
-0.841795
-0.840855
-0.841801
-0.841605
-0.840387
-0.841167
-0.841019
-0.839334
-0.839787
-0.839707
-0.837610
-0.837830
-0.838122
-0.835905
-0.836151
-0.837260
-0.835217
-0.835634
-0.837890
-0.836041
-0.836375
-0.839933
-0.837945
-0.837451
-0.842805
-0.840248
-0.837536
-0.848741
-0.848072
-0.838301
-0.774460
-0.817325
-0.830429
-0.821759
-0.822475
-0.826734
-0.822071
-0.821075
-0.823978
-0.821406
-0.820347
-0.822923
-0.821699
-0.820734
-0.822993
-0.822454
-0.821328
-0.823002
-0.822636
-0.821140
-0.822116
-0.821735
-0.819955
-0.820398
-0.820130
-0.818349
-0.818568
-0.818625
-0.817112
-0.817299
-0.817735
-0.816531
-0.816649
-0.817292
-0.816240
-0.816102
-0.816711
-0.815636
-0.815117
-0.815561
-0.814455
-0.813619
-0.813976
-0.813002
-0.812043
-0.812475
-0.811808
-0.810894
-0.811451
-0.811129
-0.810245
-0.810813
-0.810695
-0.809695
-0.810073
-0.809989
-0.808774
-0.808845
-0.808765
-0.807387
-0.807228
-0.807280
-0.805940
-0.805720
-0.806067
-0.804945
-0.804738
-0.805399
-0.804498
-0.804191
-0.805014
-0.804175
-0.803558
-0.804316
-0.803417
-0.802355
-0.802983
-0.802091
-0.800685
-0.801317
-0.800705
-0.799190
-0.800052
-0.800004
-0.798529
-0.799680
-0.800274
-0.798729
-0.799919
-0.801000
-0.799020
-0.799836
-0.801257
-0.798508
-0.798644
-0.800717
-0.797186
-0.796718
-0.800897
-0.797186
-0.796839
-0.809521
-0.811437
-0.833140
-0.603833
-0.749504
-0.771370
-0.767191
-0.773601
-0.780098
-0.777326
-0.779439
-0.783635
-0.781733
-0.782152
-0.784974
-0.783287
-0.782554
-0.784335
-0.782762
-0.781368
-0.782554
-0.781322
-0.779786
-0.780798
-0.780137
-0.778775
-0.779795
-0.779686
-0.778503
-0.779414
-0.779592
-0.778393
-0.778958
-0.779158
-0.777789
-0.777897
-0.778026
-0.776544
-0.776309
-0.776488
-0.775106
-0.774736
-0.775131
-0.774035
-0.773666
-0.774290
-0.773483
-0.773051
-0.773754
-0.773087
-0.772426
-0.772996
-0.772327
-0.771351
-0.771706
-0.771055
-0.769849
-0.770086
-0.769614
-0.768383
-0.768651
-0.768512
-0.767388
-0.767716
-0.767899
-0.766846
-0.767085
-0.767430
-0.766290
-0.766236
-0.766571
-0.765252
-0.764820
-0.765133
-0.763737
-0.763033
-0.763494
-0.762263
-0.761476
-0.762255
-0.761381
-0.760574
-0.761663
-0.761115
-0.760115
-0.761273
-0.760858
-0.759351
-0.760296
-0.759861
-0.757659
-0.758285
-0.757989
-0.755183
-0.755693
-0.756036
-0.752897
-0.753623
-0.755308
-0.751930
-0.752931
-0.756831
-0.752554
-0.753094
-0.761780
-0.753169
-0.745071
-0.654817
-0.759503
-0.763115
-0.752316
-0.756678
-0.758967
-0.753132
-0.753835
-0.755233
-0.750956
-0.750404
-0.751560
-0.748473
-0.747642
-0.748971
-0.747000
-0.746249
-0.747783
-0.746642
-0.745890
-0.747356
-0.746622
-0.745620
-0.746706
-0.746057
-0.744693
-0.745315
-0.744708
-0.743117
-0.743441
-0.743040
-0.741503
-0.741753
-0.741731
-0.740421
-0.740684
-0.741008
-0.739896
-0.740055
-0.740527
-0.739449
-0.739307
-0.739720
-0.738564
-0.738056
-0.738369
-0.737201
-0.736442
-0.736773
-0.735789
-0.734968
-0.735454
-0.734792
-0.734009
-0.734631
-0.734265
-0.733430
-0.734024
-0.733785
-0.732745
-0.733112
-0.732878
-0.731574
-0.731669
-0.731484
-0.730037
-0.729981
-0.730024
-0.728660
-0.728603
-0.729026
-0.727860
-0.727811
-0.728555
-0.727524
-0.727279
-0.728143
-0.727054
-0.726372
-0.727156
-0.725934
-0.724731
-0.725464
-0.724279
-0.722706
-0.723624
-0.722837
-0.721130
-0.722484
-0.722393
-0.720590
-0.722361
-0.723015
-0.720729
-0.722551
-0.723785
-0.720218
-0.721486
-0.723388
-0.717166
-0.717027
-0.721082
-0.706634
-0.694828
-0.508996
-0.739839
-0.728034
-0.713584
-0.717641
-0.717501
-0.711283
-0.713187
-0.714456
-0.710889
-0.712127
-0.713952
-0.711667
-0.712324
-0.714101
-0.712297
-0.712215
-0.713569
-0.711868
-0.711085
-0.712005
-0.710438
-0.709257
-0.709996
-0.708797
-0.707581
-0.708372
-0.707699
-0.706615
-0.707484
-0.707248
-0.706221
-0.706976
-0.706932
-0.705778
-0.706206
-0.706157
-0.704799
-0.704853
-0.704809
-0.703373
-0.703197
-0.703302
-0.702004
-0.701780
-0.702160
-0.701134
-0.700904
-0.701509
-0.700688
-0.700332
-0.700971
-0.700199
-0.699554
-0.700051
-0.699245
-0.698279
-0.698621
-0.697879
-0.696727
-0.697057
-0.696564
-0.695426
-0.695855
-0.695732
-0.694677
-0.695165
-0.695342
-0.694257
-0.694599
-0.694884
-0.693602
-0.693598
-0.693873
-0.692361
-0.691988
-0.692340
-0.690778
-0.690200
-0.690856
-0.689525
-0.688913
-0.690033
-0.689073
-0.688385
-0.689893
-0.689189
-0.688105
-0.689701
-0.689013
-0.687115
-0.688525
-0.687783
-0.684803
-0.686082
-0.685677
-0.681578
-0.683198
-0.684196
-0.678760
-0.681635
-0.686936
-0.677933
-0.686389
-0.853823
-0.675758
-0.675663
-0.669419
-0.679242
-0.680462
-0.676635
-0.680859
-0.682107
-0.678921
-0.680766
-0.681624
-0.678599
-0.679040
-0.679642
-0.676913
-0.676688
-0.677378
-0.675236
-0.674857
-0.675853
-0.674385
-0.674024
-0.675229
-0.674267
-0.673761
-0.674891
-0.674119
-0.673278
-0.674095
-0.673340
-0.672146
-0.672639
-0.671964
-0.670599
-0.670942
-0.670536
-0.669247
-0.669610
-0.669584
-0.668471
-0.668840
-0.669106
-0.668078
-0.668288
-0.668638
-0.667546
-0.667424
-0.667713
-0.666508
-0.666053
-0.666312
-0.665132
-0.664500
-0.664875
-0.663919
-0.663269
-0.663853
-0.663212
-0.662558
-0.663277
-0.662858
-0.662067
-0.662705
-0.662348
-0.661262
-0.661665
-0.661305
-0.659929
-0.660113
-0.659880
-0.658399
-0.658527
-0.658634
-0.657258
-0.657451
-0.658004
-0.656790
-0.656952
-0.657838
-0.656629
-0.656482
-0.657461
-0.656055
-0.655340
-0.656289
-0.654675
-0.653357
-0.654434
-0.652923
-0.651202
-0.652811
-0.651872
-0.649938
-0.652453
-0.652492
-0.650114
-0.653692
-0.654977
-0.651049
-0.655844
-0.659503
-0.650190
-0.659146
-0.714232
-0.666219
-0.651711
-0.644604
-0.653207
-0.650547
-0.645355
-0.648506
-0.647291
-0.643196
-0.644830
-0.644614
-0.641584
-0.642772
-0.643397
-0.641258
-0.642205
-0.643280
-0.641639
-0.642156
-0.643235
-0.641705
-0.641605
-0.642431
-0.640883
-0.640242
-0.640851
-0.639430
-0.638524
-0.639136
-0.638075
-0.637172
-0.637928
-0.637315
-0.636481
-0.637309
-0.637014
-0.636117
-0.636795
-0.636600
-0.635491
-0.635852
-0.635648
-0.634329
-0.634396
-0.634259
-0.632900
-0.632840
-0.632934
-0.631735
-0.631675
-0.632072
-0.631094
-0.630998
-0.631587
-0.630724
-0.630424
-0.631003
-0.630109
-0.629469
-0.629917
-0.628978
-0.628027
-0.628402
-0.627581
-0.626495
-0.626956
-0.626447
-0.625391
-0.626011
-0.625886
-0.624840
-0.625492
-0.625616
-0.624412
-0.624848
-0.625031
-0.623510
-0.623555
-0.623756
-0.621956
-0.621662
-0.622074
-0.620247
-0.619816
-0.620732
-0.619165
-0.618711
-0.620283
-0.619030
-0.618346
-0.620428
-0.619247
-0.617763
-0.620023
-0.618565
-0.615488
-0.617739
-0.615871
-0.610000
-0.612492
-0.610394
-0.596624
-0.597745
-0.580475
-0.697263
-0.627355
-0.614704
-0.620806
-0.615286
-0.610964
-0.615110
-0.613749
-0.611109
-0.614164
-0.614102
-0.611941
-0.613935
-0.614146
-0.611923
-0.612890
-0.613015
-0.610699
-0.610910
-0.611063
-0.608909
-0.608786
-0.609202
-0.607489
-0.607319
-0.608083
-0.606853
-0.606651
-0.607597
-0.606662
-0.606241
-0.607096
-0.606228
-0.605444
-0.606045
-0.605179
-0.604080
-0.604484
-0.603749
-0.602547
-0.602926
-0.602511
-0.601399
-0.601845
-0.601795
-0.600792
-0.601223
-0.601398
-0.600376
-0.600599
-0.600805
-0.599639
-0.599525
-0.599692
-0.598414
-0.598016
-0.598239
-0.597032
-0.596522
-0.596952
-0.595999
-0.595492
-0.596166
-0.595496
-0.594925
-0.595703
-0.595170
-0.594353
-0.595014
-0.594480
-0.593291
-0.593723
-0.593205
-0.591715
-0.592018
-0.591723
-0.590153
-0.590508
-0.590667
-0.589206
-0.589658
-0.590331
-0.588920
-0.589276
-0.590275
-0.588663
-0.588544
-0.589632
-0.587590
-0.586707
-0.587871
-0.585454
-0.583771
-0.585411
-0.583011
-0.580638
-0.583508
-0.581697
-0.578300
-0.583582
-0.583005
-0.575684
-0.587775
-0.597038
-0.631605
-0.579796
-0.579848
-0.590080
-0.585139
-0.583208
-0.587958
-0.585468
-0.582919
-0.585413
-0.583660
-0.580859
-0.582232
-0.581104
-0.578530
-0.579506
-0.579129
-0.577063
-0.577968
-0.578258
-0.576660
-0.577416
-0.578049
-0.576641
-0.577009
-0.577629
-0.576181
-0.576034
-0.576500
-0.575013
-0.574453
-0.574871
-0.573538
-0.572832
-0.573376
-0.572400
-0.571717
-0.572448
-0.571845
-0.571166
-0.571931
-0.571548
-0.570711
-0.571302
-0.570954
-0.569854
-0.570165
-0.569825
-0.568531
-0.568641
-0.568450
-0.567163
-0.567232
-0.567334
-0.566216
-0.566310
-0.566719
-0.565759
-0.565766
-0.566329
-0.565384
-0.565120
-0.565639
-0.564603
-0.563965
-0.564399
-0.563334
-0.562421
-0.562887
-0.562004
-0.561006
-0.561666
-0.561159
-0.560178
-0.561038
-0.560899
-0.559840
-0.560693
-0.560748
-0.559370
-0.559946
-0.560033
-0.558202
-0.558388
-0.558575
-0.556411
-0.556329
-0.556958
-0.554783
-0.554676
-0.556155
-0.554221
-0.554116
-0.556674
-0.554905
-0.554324
-0.557972
-0.555893
-0.553639
-0.558632
-0.555398
-0.547861
-0.556728
-0.546764
-0.735394
-0.558307
-0.555904
-0.561664
-0.552585
-0.550142
-0.553367
-0.549095
-0.546934
-0.549503
-0.547433
-0.545777
-0.548140
-0.547359
-0.545993
-0.547993
-0.547787
-0.546342
-0.547713
-0.547598
-0.545884
-0.546564
-0.546431
-0.544562
-0.544772
-0.544778
-0.543045
-0.543091
-0.543428
-0.542043
-0.542075
-0.542738
-0.541679
-0.541620
-0.542403
-0.541485
-0.541140
-0.541813
-0.540881
-0.540162
-0.540646
-0.539723
-0.538747
-0.539147
-0.538414
-0.537390
-0.537854
-0.537463
-0.536518
-0.537071
-0.537007
-0.536092
-0.536591
-0.536681
-0.535652
-0.535896
-0.535991
-0.534766
-0.534690
-0.534790
-0.533468
-0.533180
-0.533435
-0.532236
-0.531900
-0.532445
-0.531503
-0.531167
-0.531979
-0.531261
-0.530781
-0.531659
-0.530992
-0.530154
-0.530896
-0.530189
-0.528917
-0.529490
-0.528853
-0.527289
-0.527870
-0.527593
-0.525984
-0.526757
-0.527092
-0.525548
-0.526490
-0.527441
-0.525780
-0.526567
-0.527922
-0.525761
-0.525917
-0.527550
-0.524583
-0.523761
-0.526029
-0.522282
-0.520322
-0.524728
-0.520596
-0.516851
-0.530319
-0.531157
-0.853835
-0.486439
-0.504397
-0.514834
-0.508611
-0.510900
-0.516300
-0.513462
-0.513973
-0.517735
-0.515957
-0.515398
-0.517895
-0.516397
-0.515022
-0.516552
-0.515252
-0.513482
-0.514506
-0.513626
-0.511909
-0.512809
-0.512519
-0.511087
-0.511974
-0.512176
-0.510955
-0.511672
-0.512083
-0.510849
-0.511175
-0.511540
-0.510171
-0.510049
-0.510330
-0.508926
-0.508504
-0.508848
-0.507630
-0.507127
-0.507675
-0.506785
-0.506294
-0.507022
-0.506421
-0.505848
-0.506571
-0.506082
-0.505270
-0.505797
-0.505302
-0.504202
-0.504497
-0.504051
-0.502788
-0.502969
-0.502739
-0.501520
-0.501724
-0.501840
-0.500761
-0.500987
-0.501381
-0.500373
-0.500445
-0.500938
-0.499837
-0.499565
-0.500005
-0.498756
-0.498096
-0.498514
-0.497266
-0.496363
-0.496933
-0.495932
-0.494975
-0.495835
-0.495226
-0.494228
-0.495303
-0.495008
-0.493747
-0.494752
-0.494552
-0.492728
-0.493374
-0.493159
-0.490636
-0.490859
-0.490842
-0.487760
-0.487758
-0.488454
-0.485049
-0.484987
-0.487002
-0.483141
-0.482578
-0.486436
-0.480544
-0.476415
-0.482427
-0.457987
-0.186067
-0.522071
-0.514940
-0.513005
-0.500526
-0.500581
-0.502033
-0.495855
-0.494821
-0.495988
-0.491798
-0.490324
-0.491450
-0.488656
-0.487286
-0.488634
-0.487005
-0.485886
-0.487375
-0.486541
-0.485475
-0.486807
-0.486301
-0.485020
-0.485901
-0.485456
-0.483890
-0.484313
-0.483925
-0.482253
-0.482414
-0.482272
-0.480754
-0.480868
-0.481095
-0.479862
-0.479974
-0.480495
-0.479463
-0.479423
-0.480012
-0.479008
-0.478645
-0.479123
-0.478062
-0.477353
-0.477716
-0.476706
-0.475799
-0.476181
-0.475414
-0.474499
-0.475016
-0.474591
-0.473725
-0.474325
-0.474167
-0.473241
-0.473730
-0.473663
-0.472525
-0.472735
-0.472659
-0.471291
-0.471217
-0.471207
-0.469774
-0.469561
-0.469801
-0.468517
-0.468295
-0.468892
-0.467839
-0.467565
-0.468414
-0.467477
-0.466931
-0.467795
-0.466786
-0.465739
-0.466444
-0.465327
-0.463750
-0.464357
-0.463353
-0.461427
-0.462170
-0.461627
-0.459554
-0.460596
-0.460729
-0.458420
-0.459569
-0.460288
-0.457171
-0.457771
-0.458691
-0.453588
-0.452388
-0.452965
-0.442930
-0.435697
-0.432133
-0.388847
-0.153979
-0.575058
-0.517275
-0.497813
-0.478437
-0.476478
-0.474883
-0.467451
-0.467144
-0.468035
-0.464095
-0.464089
-0.465724
-0.463317
-0.463077
-0.464665
-0.462837
-0.462059
-0.463233
-0.461600
-0.460315
-0.461105
-0.459722
-0.458233
-0.458897
-0.457975
-0.456596
-0.457338
-0.456971
-0.455799
-0.456583
-0.456613
-0.455522
-0.456133
-0.456305
-0.455112
-0.455368
-0.455514
-0.454182
-0.454084
-0.454252
-0.452936
-0.452665
-0.453009
-0.451916
-0.451636
-0.452247
-0.451467
-0.451184
-0.451978
-0.451406
-0.450987
-0.451748
-0.451235
-0.450531
-0.451123
-0.450614
-0.449645
-0.450096
-0.449723
-0.448663
-0.449131
-0.449077
-0.448115
-0.448695
-0.449045
-0.448218
-0.448831
-0.449474
-0.448653
-0.449098
-0.449851
-0.448905
-0.449013
-0.449806
-0.448766
-0.448592
-0.449567
-0.448685
-0.448448
-0.449867
-0.449446
-0.449338
-0.451371
-0.451565
-0.451560
-0.454137
-0.454908
-0.454784
-0.457735
-0.459065
-0.458689
-0.462097
-0.464447
-0.464210
-0.468980
-0.474008
-0.475544
-0.484566
-0.497495
-0.507096
-0.533485
-0.585779
-0.677392
-1.196684
0.399482
-0.165058
-0.269557
-0.306696
-0.338065
-0.355736
-0.362531
-0.373393
-0.381110
-0.382622
-0.387463
-0.391759
-0.391453
-0.393556
-0.396331
-0.395488
-0.396342
-0.398550
-0.397860
-0.398239
-0.400313
-0.399992
-0.400130
-0.402070
-0.401981
-0.401796
-0.403384
-0.403291
-0.402650
-0.403751
-0.403559
-0.402532
-0.403216
-0.403057
-0.401882
-0.402365
-0.402438
-0.401357
-0.401798
-0.402175
-0.401246
-0.401608
-0.402172
-0.401282
-0.401389
-0.401932
-0.400936
-0.400659
-0.401065
-0.399973
-0.399348
-0.399691
-0.398652
-0.397866
-0.398289
-0.397495
-0.396683
-0.397250
-0.396748
-0.395891
-0.396479
-0.396136
-0.395079
-0.395464
-0.395118
-0.393720
-0.393782
-0.393387
-0.391707
-0.391489
-0.391202
-0.389425
-0.389087
-0.389087
-0.387405
-0.387005
-0.387323
-0.385709
-0.385077
-0.385512
-0.383738
-0.382528
-0.382781
-0.380607
-0.378520
-0.378402
-0.375779
-0.372700
-0.372247
-0.369325
-0.365207
-0.364451
-0.361263
-0.355622
-0.354012
-0.349770
-0.340536
-0.335532
-0.326608
-0.305655
-0.284778
-0.247117
-0.138273
0.240021
-1.626583
-0.727070
-0.584156
-0.521085
-0.497551
-0.477790
-0.459699
-0.452740
-0.445382
-0.435837
-0.432536
-0.429326
-0.423409
-0.421633
-0.420487
-0.416585
-0.415464
-0.415301
-0.412458
-0.411373
-0.411485
-0.409089
-0.407720
-0.407760
-0.405613
-0.403981
-0.403975
-0.402178
-0.400518
-0.400639
-0.399359
-0.397866
-0.398180
-0.397415
-0.396079
-0.396448
-0.396008
-0.394653
-0.394849
-0.394495
-0.392982
-0.392861
-0.392519
-0.390875
-0.390498
-0.390260
-0.388677
-0.388210
-0.388230
-0.386878
-0.386424
-0.386715
-0.385602
-0.385083
-0.385494
-0.384485
-0.383723
-0.384048
-0.383002
-0.381883
-0.382032
-0.380967
-0.379567
-0.379622
-0.378712
-0.377213
-0.377320
-0.376732
-0.375258
-0.375439
-0.375176
-0.373667
-0.373738
-0.373608
-0.371861
-0.371547
-0.371356
-0.369211
-0.368356
-0.368066
-0.365588
-0.364237
-0.364011
-0.361428
-0.359703
-0.359726
-0.357166
-0.354999
-0.355173
-0.352431
-0.349256
-0.348995
-0.345360
-0.339955
-0.338095
-0.332164
-0.322083
-0.316064
-0.304199
-0.281840
-0.260602
-0.220458
-0.118645
0.171084
-3.024354
-0.775482
-0.583479
-0.510652
-0.483683
-0.460746
-0.442932
-0.436948
-0.429385
-0.420923
-0.418958
-0.415762
-0.410352
-0.409225
-0.407542
-0.403294
-0.402106
-0.401005
-0.397397
-0.396071
-0.395423
-0.392469
-0.391234
-0.391107
-0.388908
-0.387887
-0.388226
-0.386676
-0.385759
-0.386312
-0.385134
-0.384093
-0.384553
-0.383516
-0.382209
-0.382450
-0.381506
-0.380007
-0.380119
-0.379402
-0.377937
-0.378076
-0.377739
-0.376459
-0.376675
-0.376715
-0.375590
-0.375768
-0.376005
-0.374881
-0.374823
-0.375071
-0.373849
-0.373469
-0.373677
-0.372432
-0.371815
-0.372113
-0.371030
-0.370360
-0.370879
-0.370110
-0.369463
-0.370205
-0.369729
-0.369011
-0.369785
-0.369442
-0.368477
-0.369064
-0.368739
-0.367434
-0.367778
-0.367523
-0.365997
-0.366228
-0.366266
-0.364761
-0.365045
-0.365582
-0.364247
-0.364577
-0.365604
-0.364334
-0.364456
-0.365737
-0.364275
-0.363805
-0.365111
-0.363282
-0.361963
-0.363349
-0.361291
-0.359133
-0.361024
-0.359219
-0.356233
-0.359335
-0.358379
-0.353787
-0.358993
-0.359519
-0.347046
-0.355662
14.880873
-0.391322
-0.369630
-0.364871
-0.372720
-0.369245
-0.366220
-0.370280
-0.368679
-0.365715
-0.367908
-0.366946
-0.364121
-0.365421
-0.365092
-0.362752
-0.363796
-0.364207
-0.362533
-0.363547
-0.364549
-0.363395
-0.364262
-0.365509
-0.364569
-0.365048
-0.366234
-0.365308
-0.365337
-0.366369
-0.365520
-0.365256
-0.366288
-0.365720
-0.365435
-0.366647
-0.366528
-0.366367
-0.367778
-0.368089
-0.367991
-0.369432
-0.369995
-0.369815
-0.371096
-0.371759
-0.371436
-0.372517
-0.373296
-0.372961
-0.373968
-0.375037
-0.374904
-0.376016
-0.377532
-0.377757
-0.379025
-0.380968
-0.381535
-0.382860
-0.385089
-0.385880
-0.387125
-0.389496
-0.390488
-0.391651
-0.394222
-0.395574
-0.396867
-0.399862
-0.401889
-0.403602
-0.407262
-0.410238
-0.412581
-0.417025
-0.421066
-0.424103
-0.429323
-0.434499
-0.438307
-0.444391
-0.450990
-0.455975
-0.463431
-0.472264
-0.479443
-0.489441
-0.502098
-0.513323
-0.527967
-0.547221
-0.565820
-0.589113
-0.620583
-0.653974
-0.695937
-0.755217
-0.826953
-0.925027
-1.080748
-1.323875
-1.784227
-3.074849
-19.702820
3.549407
1.462754
0.843699
0.539878
0.371723
0.260082
0.175585
0.118104
0.073758
0.033833
0.004575
-0.018927
-0.042615
-0.060802
-0.075178
-0.090893
-0.103393
-0.112750
-0.123646
-0.132692
-0.138928
-0.146672
-0.153530
-0.157888
-0.163611
-0.169216
-0.172579
-0.177110
-0.182061
-0.184976
-0.188738
-0.193272
-0.195905
-0.199009
-0.203091
-0.205412
-0.207829
-0.211396
-0.213399
-0.215209
-0.218322
-0.220178
-0.221620
-0.224502
-0.226475
-0.227835
-0.230697
-0.232970
-0.234409
-0.237306
-0.239878
-0.241377
-0.244205
-0.246963
-0.248445
-0.251090
-0.253968
-0.255455
-0.257977
-0.261083
-0.262808
-0.265437
-0.269029
-0.271306
-0.274294
-0.278602
-0.281661
-0.285170
-0.290275
-0.294205
-0.298259
-0.304143
-0.309008
-0.313677
-0.320462
-0.326537
-0.332169
-0.340308
-0.348250
-0.355620
-0.365964
-0.376861
-0.387118
-0.400898
-0.416222
-0.430980
-0.449956
-0.471915
-0.493747
-0.521045
-0.553874
-0.588150
-0.630805
-0.684482
-0.744777
-0.821862
-0.925207
-1.054816
-1.235282
-1.509757
-1.938561
-2.736156
-4.768384
-18.906273
9.357864
3.736325
2.322154
1.674429
1.315448
1.080473
0.912120
0.794487
0.703531
0.628245
0.571959
0.526058
0.484776
0.453176
0.427279
0.402370
0.383083
0.367691
0.351839
0.339385
0.330015
0.319643
0.311327
0.305741
0.299097
0.293662
0.290834
0.287127
0.284077
0.283546
0.282396
0.281442
0.282887
0.283949
0.284792
0.287839
0.290722
0.293038
0.297334
0.301722
0.305322
0.310727
0.316537
0.321477
0.328075
0.335475
0.342014
0.350071
0.359308
0.367716
0.377460
0.388686
0.399143
0.410687
0.423956
0.436564
0.450008
0.465433
0.480409
0.496058
0.513983
0.531826
0.550266
0.571364
0.592872
0.614983
0.640136
0.666314
0.693141
0.723408
0.755385
0.788148
0.824789
0.864012
0.904370
0.949217
0.997906
1.048457
1.104531
1.166288
1.231362
1.303621
1.384387
1.470987
1.567654
1.677273
1.797220
1.932463
2.088388
2.263445
2.464437
2.701755
2.977797
3.305410
3.707628
4.202061
4.825875
5.650150
6.772374
8.388263
10.943255
15.543158
26.257553
79.935371
-81.122177
-27.414225
-16.691362
-12.101674
-9.543488
-7.922540
-6.804795
-5.979877
-5.352649
-4.861547
-4.460437
-4.131193
-3.858568
-3.624006
-3.422987
-3.251672
-3.099619
-2.965465
-2.849273
-2.744063
-2.649053
-2.565987
-2.489803
-2.419612
-2.357931
-2.301007
-2.247676
-2.200750
-2.157526
-2.116461
-2.080411
-2.047545
-2.015932
-1.988319
-1.963583
-1.939504
-1.918559
-1.900289
-1.882254
-1.866622
-1.853528
-1.840437
-1.829159
-1.820389
-1.811586
-1.804151
-1.799270
-1.794476
-1.790725
-1.789632
-1.788808
-1.788751
-1.791404
-1.794563
-1.798201
-1.804541
-1.811644
-1.818985
-1.828991
-1.840088
-1.851298
-1.865176
-1.880601
-1.896197
-1.914548
-1.935061
-1.955913
-1.979721
-2.006422
-2.033801
-2.064346
-2.098626
-2.134094
-2.173019
-2.216694
-2.262318
-2.311938
-2.367666
-2.426644
-2.490672
-2.562828
-2.640448
-2.725043
-2.821023
-2.926210
-3.041994
-3.174563
-3.322934
-3.488887
-3.681559
-3.902850
-4.156708
-4.458529
-4.818092
-5.248202
-5.782498
-6.458851
-7.331947
-8.519329
-10.221931
-12.842136
-17.437801
-27.571287
-68.048271
134.392914
33.206154
18.735704
12.949764
9.845496
7.899089
6.566559
5.604208
4.869248
4.290034
3.827743
3.445057
3.122340
2.851821
2.618179
2.412906
2.235816
2.079086
1.937323
1.812632
1.700576
1.596902
1.504237
1.420157
1.340854
1.268909
1.203299
1.140418
1.082587
1.029778
0.978581
0.930904
0.887451
0.845026
0.804993
0.768637
0.732947
0.698786
0.667797
0.637277
0.607508
0.580491
0.553823
0.527269
0.503074
0.479247
0.455082
0.432972
0.411338
0.389064
0.368573
0.348727
0.328034
0.308801
0.290410
0.270927
0.252562
0.235130
0.216391
0.198306
0.181234
0.162687
0.144317
0.127020
0.108154
0.089024
0.071037
0.051506
0.031265
0.012202
-0.008365
-0.030150
-0.050851
-0.073064
-0.097191
-0.120503
-0.145463
-0.173220
-0.200717
-0.230118
-0.263453
-0.297322
-0.333559
-0.375128
-0.418576
-0.465268
-0.519432
-0.577731
-0.641171
-0.715838
-0.799301
-0.892537
-1.004865
-1.136528
-1.290450
-1.483568
-1.725737
-2.032071
-2.449300
-3.041296
-3.929275
-5.453964
-8.651684
-19.463793
99.579079
14.570202
8.007631
5.592653
4.344975
3.570949
3.048348
2.677196
2.392192
2.168722
1.993895
1.847610
1.724221
1.623557
1.535396
1.457357
1.392136
1.333548
1.279599
1.233805
1.192245
1.152629
1.118636
1.087769
1.057603
1.031507
1.008095
0.984662
0.964302
0.946360
0.928057
0.911870
0.898026
0.883531
0.870440
0.859482
0.847811
0.836930
0.828075
0.818535
0.809322
0.802130
0.794401
0.786676
0.780952
0.774944
0.768637
0.764283
0.759838
0.754816
0.751590
0.748513
0.744549
0.742135
0.740069
0.736891
0.735018
0.733732
0.731235
0.729801
0.729321
0.727550
0.726677
0.727056
0.726202
0.725979
0.727254
0.727335
0.727755
0.729783
0.730709
0.731455
0.734039
0.735591
0.736535
0.739422
0.741556
0.742675
0.745954
0.748773
0.750340
0.754178
0.758020
0.760193
0.764711
0.769774
0.772612
0.777707
0.783876
0.787122
0.792299
0.799335
0.802669
0.807487
0.815364
0.818578
0.822723
0.831810
0.835199
0.837853
0.849929
0.853718
0.850375
0.873199
-646.866943
0.907882
0.892801
0.902145
0.918496
0.923162
0.932365
0.947208
0.955568
0.965217
0.979442
0.989516
0.999582
1.013544
1.024834
1.035487
1.049659
1.062307
1.074012
1.088961
1.103296
1.116544
1.132740
1.148953
1.163957
1.181543
1.199609
1.216397
1.235305
1.255115
1.273636
1.293907
1.315426
1.335825
1.357723
1.381247
1.403908
1.427896
1.453895
1.479367
1.505951
1.534866
1.563520
1.593147
1.625302
1.657527
1.690506
1.726162
1.762300
1.799069
1.838755
1.879362
1.920662
1.965108
2.011129
2.057986
2.108317
2.160955
2.214697
2.272225
2.332858
2.394964
2.461211
2.531411
2.603677
2.680491
2.762301
2.847059
2.937050
3.033456
3.134079
3.241076
3.356447
3.477905
3.607391
3.747825
3.897264
4.057294
4.231846
4.419399
4.621672
4.843870
5.085415
5.348419
5.640104
5.961940
6.317212
6.716679
7.165879
7.671691
8.252106
8.921992
9.698769
10.618067
11.720857
13.059913
14.730352
16.872156
19.701809
23.630074
29.453861
38.942818
57.193989
106.771393
751.053528
-150.937729
-68.966072
-44.846737
-33.308376
-26.555590
-22.114754
-18.970839
-16.636568
-14.829920
-13.387589
-12.216483
-11.242826
-10.418081
-9.715890
-9.108623
-8.575232
-8.107495
-7.692930
-7.319861
-6.985945
-6.685380
-6.409859
-6.159616
-5.931805
-5.720377
-5.525892
-5.347435
-5.180018
-5.024213
-4.880379
-4.744230
-4.616207
-4.497391
-4.384178
-4.276623
-4.176313
-4.080334
-3.988333
-3.902265
-3.819659
-3.739740
-3.664700
-3.592633
-3.522185
-3.455672
-3.391710
-3.328553
-3.268460
-3.210507
-3.152749
-3.097279
-3.043643
-2.989756
-2.937351
-2.886724
-2.835365
-2.784952
-2.736124
-2.686304
-2.636737
-2.588542
-2.539113
-2.489042
-2.440075
-2.389405
-2.337310
-2.285726
-2.232030
-2.175885
-2.119541
-2.060558
-1.998050
-1.934330
-1.867454
-1.795436
-1.721050
-1.642377
-1.556737
-1.466694
-1.370572
-1.264637
-1.150839
-1.027938
-0.890558
-0.739926
-0.574512
-0.386691
-0.175996
0.060486
0.334116
0.649956
1.015036
1.449739
1.971646
2.603195
3.393304
4.405590
5.735317
7.575202
10.279592
14.605732
22.667255
42.885040
184.438828
-98.765274
-42.185928
-28.050322
-21.642076
-18.005362
-15.658947
-14.025913
-12.835623
-11.926419
-11.212171
-10.644974
-10.181730
-9.797215
-9.480438
-9.213876
-8.986597
-8.796661
-8.635885
-8.497296
-8.382188
-8.286011
-8.203706
-8.137349
-8.084670
-8.041391
-8.009618
-7.988655
-7.974604
-7.969525
-7.973633
-7.983435
-8.000565
-8.025957
-8.056638
-8.093502
-8.138360
-8.188210
-8.243710
-8.306925
-8.375270
-8.448979
-8.530277
-8.617161
-8.709219
-8.809206
-8.915328
-9.027004
-9.146913
-9.274016
-9.407327
-9.549500
-9.700105
-9.857897
-10.025506
-10.203030
-10.388963
-10.585982
-10.794750
-11.013652
-11.245235
-11.490952
-11.749120
-12.022246
-12.312453
-12.618451
-12.942578
-13.287870
-13.653512
-14.041751
-14.456794
-14.898280
-15.368840
-15.873776
-16.414036
-16.992510
-17.616430
-18.288349
-19.012424
-19.798388
-20.651770
-21.579252
-22.594460
-23.708460
-24.932711
-26.288336
-27.796371
-29.478622
-31.371557
-33.516151
-35.959263
-38.772064
-42.044800
-45.890675
-50.478252
-56.045162
-62.928200
-71.657982
-83.094902
-98.702423
-121.264320
-156.760117
-220.681854
-369.887360
-1116.215332
1122.955688
376.618103
227.414413
163.501083
128.011200
105.456818
89.861641
78.435898
69.717934
62.850735
57.299633
52.728405
48.901508
45.649010
42.856754
40.436771
38.317032
36.449638
34.795719
33.317989
31.993473
30.803198
29.725559
28.747942
27.860638
27.049900
26.308037
25.630474
25.007757
24.434574
23.909176
23.425169
22.978161
22.568134
22.190319
21.841339
21.521984
21.228867
20.959057
20.713585
20.490211
20.286240
20.102661
19.938620
19.791050
19.661444
19.549395
19.452278
19.371201
19.306803
19.256227
19.220964
19.201797
19.196484
19.205862
19.231731
19.271782
19.326838
19.398899
19.486305
19.589397
19.710932
19.849495
20.005310
20.181662
20.377861
20.593790
20.833574
21.097116
21.384613
21.700588
22.046228
22.422012
22.833090
23.282343
23.770803
24.304867
24.889795
25.527828
26.227404
26.997278
27.842505
28.775213
29.809958
30.957666
32.237671
33.675457
35.294075
37.128960
39.228447
41.645123
44.453083
47.759052
51.697018
56.460346
62.343227
69.776566
79.452438
92.571114
111.336952
140.356827
191.194839
303.108490
750.841980
-1488.201294
-368.768799
-208.869766
-144.943695
-110.549004
-89.060143
-74.371788
-63.705669
-55.603649
-49.245872
-44.129730
-39.919353
-36.396149
-33.409866
-30.842569
-28.612566
-26.662424
-24.939318
-23.405588
-22.036001
-20.803062
-19.686525
-18.674488
-17.751122
-16.903946
-16.127203
-15.411370
-14.747697
-14.133714
-13.563446
-13.030202
-12.533053
-12.068626
-11.631260
-11.220985
-10.835809
-10.471124
-10.127097
-9.802992
-9.494708
-9.202347
-8.926123
-8.662358
-8.410929
-8.172739
-7.944441
-7.725779
-7.518044
-7.318387
-7.126175
-6.943062
-6.766786
-6.596226
-6.433343
-6.276397
-6.123840
-5.977850
-5.837034
-5.699605
-5.567546
-5.440162
-5.315207
-5.194623
-5.078231
-4.963370
-4.851875
-4.744194
-4.637334
-4.532941
-4.431949
-4.331264
-4.232088
-4.136006
-4.039805
-3.944189
-3.851223
-3.757816
-3.663720
-3.571661
-3.478369
-3.382977
-3.288728
-3.192177
-3.091577
-2.990430
-2.885321
-2.773309
-2.657974
-2.535953
-2.402230
-2.259742
-2.104913
-1.928517
-1.731347
-1.506843
-1.235962
-0.910200
-0.506448
0.029575
0.769936
1.866613
3.728159
7.581970
20.554691
-122.006721
-20.133289
-12.247556
-9.332527
-7.808425
-6.854943
-6.204877
-5.733036
-5.365030
-5.073246
-4.837822
-4.636951
-4.465619
-4.320704
-4.190851
-4.075360
-3.975061
-3.882162
-3.797305
-3.722001
-3.651553
-3.584969
-3.525543
-3.469203
-3.414816
-3.365672
-3.319085
-3.273372
-3.231664
-3.192326
-3.153183
-3.117437
-3.083762
-3.049952
-3.018800
-2.989769
-2.960427
-2.932967
-2.907513
-2.881712
-2.857116
-2.834584
-2.811504
-2.789267
-2.768965
-2.748212
-2.727944
-2.709808
-2.691340
-2.672899
-2.656738
-2.640363
-2.623812
-2.609259
-2.594946
-2.580066
-2.567038
-2.554243
-2.540784
-2.528875
-2.517559
-2.505074
-2.494188
-2.484004
-2.472702
-2.462646
-2.453807
-2.443774
-2.434836
-2.427249
-2.418537
-2.410688
-2.404404
-2.397016
-2.389941
-2.384819
-2.378469
-2.371941
-2.367653
-2.362221
-2.356215
-2.352544
-2.348074
-2.342515
-2.339686
-2.336455
-2.331785
-2.329936
-2.328350
-2.324471
-2.323831
-2.323889
-2.320928
-2.320994
-2.322809
-2.320109
-2.320242
-2.323939
-2.320772
-2.320216
-2.326872
-2.321962
-2.317056
-2.340048
1490.971069
-2.342596
-2.322458
-2.329669
-2.337728
-2.334544
-2.339536
-2.347276
-2.348859
-2.354060
-2.362581
-2.366787
-2.372848
-2.382058
-2.388055
-2.394770
-2.404568
-2.411699
-2.419106
-2.429358
-2.437939
-2.446187
-2.457283
-2.467445
-2.477070
-2.489552
-2.501541
-2.512897
-2.526821
-2.540963
-2.554148
-2.569619
-2.585667
-2.600767
-2.617801
-2.635734
-2.652727
-2.671417
-2.691421
-2.710595
-2.731320
-2.753768
-2.775632
-2.798874
-2.824256
-2.849303
-2.875568
-2.904264
-2.932927
-2.962616
-2.995013
-3.027636
-3.061192
-3.097597
-3.134742
-3.172749
-3.213919
-3.256447
-3.299904
-3.346910
-3.395975
-3.446283
-3.500551
-3.557672
-3.616477
-3.679637
-3.746691
-3.815876
-3.890093
-3.969268
-4.051452
-4.139468
-4.234039
-4.332926
-4.438943
-4.553734
-4.674987
-4.805419
-4.947758
-5.099791
-5.264312
-5.445382
-5.641275
-5.855089
-6.092629
-6.353614
-6.641926
-6.966680
-7.330438
-7.739764
-8.210103
-8.751072
-9.377487
-10.119892
-11.008392
-12.085846
-13.431618
-15.154635
-17.428892
-20.588984
-25.271107
-32.894482
-47.563133
-87.400795
-604.985535
119.640427
53.781872
34.394028
25.120382
19.691267
16.115847
13.584785
11.705193
10.246720
9.082625
8.137431
7.349441
6.681784
6.113687
5.620671
5.187172
4.807384
4.469271
4.164285
3.891644
3.644733
3.417631
3.211566
3.022801
2.846679
2.684908
2.535648
2.394776
2.264038
2.142815
2.027281
1.918992
1.818109
1.721237
1.629432
1.543671
1.460707
1.381304
1.306881
1.234591
1.164715
1.099103
1.035272
0.973008
0.914432
0.857489
0.801414
0.748564
0.697173
0.646108
0.597718
0.550726
0.503562
0.458541
0.414866
0.370687
0.328157
0.287035
0.245140
0.204488
0.165399
0.125417
0.086267
0.048820
0.010432
-0.027554
-0.063824
-0.101084
-0.138480
-0.174161
-0.210910
-0.248388
-0.284230
-0.321168
-0.359382
-0.396116
-0.433794
-0.473352
-0.511549
-0.550535
-0.592022
-0.632445
-0.673483
-0.717899
-0.761821
-0.806461
-0.855729
-0.905687
-0.956907
-1.014734
-1.075563
-1.139087
-1.213029
-1.294720
-1.383568
-1.491900
-1.621302
-1.775027
-1.981575
-2.270844
-2.700115
-3.482395
-5.401708
-18.490828
7.619761
2.372787
1.017535
0.386008
0.017159
-0.242332
-0.434661
-0.581655
-0.708699
-0.818711
-0.911863
-0.999798
-1.082378
-1.156368
-1.228895
-1.300228
-1.366280
-1.432168
-1.498659
-1.561671
-1.624752
-1.689489
-1.751998
-1.814726
-1.879765
-1.943675
-2.007855
-2.074915
-2.141733
-2.209002
-2.279451
-2.350507
-2.422081
-2.497067
-2.573351
-2.650303
-2.730747
-2.813163
-2.896435
-2.983339
-3.072967
-3.163813
-3.258446
-3.356665
-3.456599
-3.560786
-3.669334
-3.780364
-3.896059
-4.017092
-4.141394
-4.270860
-4.406708
-4.546806
-4.692723
-4.846193
-5.005150
-5.170842
-5.345551
-5.527400
-5.717302
-5.918056
-6.128193
-6.348328
-6.581661
-6.827305
-7.085548
-7.360100
-7.650764
-7.957597
-8.285020
-8.633644
-9.003587
-9.399976
-9.824801
-10.278654
-10.767609
-11.295705
-11.864488
-12.481908
-13.155001
-13.887436
-14.690354
-15.575735
-16.551853
-17.635876
-18.849194
-20.210094
-21.748976
-23.506807
-25.526491
-27.871773
-30.633682
-33.924744
-37.911549
-42.848663
-49.108719
-57.298820
-68.486908
-84.661964
-110.088371
-155.901031
-262.851257
-797.670837
807.007996
272.181671
165.230774
119.425461
94.004089
77.834251
66.656425
58.476418
52.227539
47.305603
43.335094
40.060875
37.319439
34.996822
33.000263
31.268862
29.758488
28.426819
27.245665
26.195688
25.254622
24.406923
23.643906
22.952522
22.323030
21.751867
21.230808
20.753086
20.317583
19.919149
19.552439
19.217545
18.911432
18.629431
18.372383
18.138453
17.923721
17.728979
17.553583
17.393944
17.250780
17.124445
17.011599
16.912867
16.829292
16.757874
16.699028
16.654251
16.621111
16.599493
16.591623
16.595140
16.609867
16.638077
16.678251
16.729532
16.794628
16.872370
16.961813
17.065853
17.184057
17.315014
17.462032
17.625227
17.803392
17.999643
18.215174
18.448673
18.703621
18.982128
19.282963
19.609838
19.966240
20.351530
20.769737
21.226034
21.720816
22.259157
22.848402
23.491302
24.194433
24.968985
25.821272
26.761694
27.807732
28.972973
30.275488
31.745333
33.410576
35.308613
37.495850
40.038219
43.022007
46.578190
50.882767
56.186378
62.889305
71.621101
83.442230
100.351875
126.518097
172.323700
273.149200
676.636414
-1340.913818
-332.192780
-188.141602
-130.533005
-99.525848
-80.168350
-66.929764
-57.306934
-50.006866
-44.275486
-39.656075
-35.861023
-32.685242
-29.987013
-27.672188
-25.663086
-23.900427
-22.346601
-20.965759
-19.727962
-18.616072
-17.611605
-16.697073
-15.863979
-15.102457
-14.400789
-13.754568
-13.158637
-12.604502
-12.089720
-11.611758
-11.164212
-10.745416
-10.354654
-9.986768
-9.640439
-9.315951
-9.009161
-8.718727
-8.445679
-8.186657
-7.940190
-7.707747
-7.486720
-7.275397
-7.075552
-6.885276
-6.702628
-6.529528
-6.364726
-6.206031
-6.055333
-5.912007
-5.773675
-5.642032
-5.517103
-5.396233
-5.280976
-5.171826
-5.066111
-4.964986
-4.869538
-4.777087
-4.688430
-4.605184
-4.524744
-4.447471
-4.375496
-4.306361
-4.240027
-4.178957
-4.120945
-4.065376
-4.015145
-3.968378
-3.923880
-3.884809
-3.849764
-3.816989
-3.790013
-3.768111
-3.748843
-3.736141
-3.730405
-3.728293
-3.734492
-3.750546
-3.773001
-3.807016
-3.856183
-3.917480
-3.997163
-4.102951
-4.234070
-4.401080
-4.621836
-4.906425
-5.284574
-5.815131
-6.577037
-7.750870
-9.796601
-14.108541
-28.818506
133.704437
17.672642
8.761616
5.513212
3.841232
2.820060
2.146208
1.670631
1.312951
1.042524
0.832932
0.661144
0.523606
0.412980
0.318208
0.239848
0.176618
0.120894
0.074029
0.036881
0.003750
-0.024439
-0.045854
-0.064955
-0.081474
-0.092962
-0.103029
-0.111988
-0.117100
-0.121233
-0.125039
-0.125858
-0.125671
-0.125840
-0.123507
-0.120079
-0.117311
-0.112479
-0.106491
-0.101320
-0.094601
-0.086606
-0.079601
-0.071549
-0.062158
-0.053820
-0.044878
-0.034548
-0.025230
-0.015669
-0.004587
0.005594
0.015753
0.027568
0.038678
0.049513
0.062065
0.074148
0.085657
0.098820
0.111727
0.123743
0.137281
0.150802
0.163146
0.176872
0.190853
0.203441
0.217297
0.231805
0.244818
0.258974
0.274175
0.287848
0.302447
0.318485
0.332955
0.347998
0.364807
0.379975
0.395228
0.412591
0.428271
0.443516
0.461231
0.477443
0.492652
0.510800
0.527849
0.543236
0.562187
0.580580
0.596515
0.616604
0.636935
0.653450
0.674716
0.697544
0.714006
0.736037
0.762553
0.777210
0.798582
0.843948
-306.636200
0.868995
0.875262
0.907255
0.932424
0.948934
0.974946
1.000605
1.020711
1.046444
1.073527
1.096652
1.123453
1.152429
1.178308
1.206681
1.237532
1.265961
1.295909
1.328478
1.359149
1.390698
1.424939
1.457861
1.491242
1.527440
1.562945
1.598740
1.637440
1.676068
1.714860
1.756629
1.798877
1.841209
1.886433
1.932630
1.978853
2.027880
2.078341
2.128855
2.182090
2.237286
2.292687
2.350842
2.411555
2.472812
2.536904
2.604179
2.672483
2.743752
2.818838
2.895454
2.975218
3.059409
3.145794
3.235533
3.330433
3.428286
3.529944
3.637557
3.749310
3.865473
3.988763
4.117626
4.251981
4.394859
4.545201
4.702491
4.870193
5.047705
5.234295
5.433690
5.646097
5.870622
6.111290
6.369444
6.644319
6.940470
7.260786
7.604789
7.978162
8.385909
8.828807
9.314226
9.850623
10.441513
11.097782
11.834139
12.660195
13.594914
14.666026
15.898700
17.332993
19.029522
21.059294
23.529886
26.612745
30.557238
35.777039
43.028824
53.766891
71.278328
104.982117
196.490860
1385.952393
-279.355316
-127.987442
-83.458305
-62.172760
-49.706177
-41.509235
-35.716560
-31.410452
-28.077049
-25.424509
-23.268072
-21.475283
-19.963284
-18.675840
-17.561792
-16.589745
-15.738214
-14.982725
-14.308078
-13.705846
-13.162618
-12.669156
-12.222899
-11.815457
-11.440917
-11.098698
-10.783815
-10.491539
-10.222694
-9.974133
-9.741746
-9.526863
-9.327765
-9.140607
-8.966781
-8.805692
-8.653739
-8.512104
-8.380901
-8.256964
-8.141017
-8.034010
-7.932911
-7.838177
-7.751255
-7.669496
-7.592892
-7.523329
-7.458467
-7.397961
-7.343932
-7.294364
-7.248534
-7.208672
-7.173193
-7.141005
-7.114440
-7.092344
-7.073184
-7.059412
-7.050448
-7.044388
-7.043653
-7.048250
-7.056027
-7.069301
-7.088734
-7.111901
-7.140990
-7.177258
-7.218184
-7.265660
-7.321727
-7.383820
-7.453566
-7.533816
-7.622244
-7.720186
-7.831470
-7.954507
-8.090399
-8.244296
-8.415434
-8.605361
-8.821175
-9.063903
-9.336118
-9.648203
-10.005269
-10.413006
-10.888595
-11.446646
-12.103287
-12.894196
-13.861366
-15.059953
-16.593248
-18.621485
-21.408184
-25.491287
-32.044933
-44.211411
-74.650787
-287.943481
138.626022
53.322971
32.023228
22.339396
16.805756
13.236873
10.737576
8.888507
7.472914
6.349830
5.434812
4.681333
4.046979
3.502831
3.036127
2.629730
2.269547
1.952302
1.670024
1.414027
1.184041
0.976462
0.784686
0.609660
0.449891
0.300191
0.161536
0.033961
-0.086889
-0.200202
-0.305102
-0.405233
-0.500253
-0.588598
-0.673388
-0.754813
-0.830799
-0.904129
-0.975328
-1.042125
-1.106877
-1.170609
-1.230683
-1.289156
-1.347242
-1.402634
-1.456469
-1.510507
-1.562408
-1.612860
-1.663830
-1.713219
-1.761128
-1.809884
-1.857602
-1.903920
-1.951312
-1.998297
-2.043985
-2.091025
-2.138242
-2.184359
-2.231977
-2.280424
-2.327917
-2.377019
-2.427576
-2.477338
-2.528754
-2.582244
-2.635310
-2.690087
-2.747736
-2.805491
-2.865270
-2.928912
-2.993556
-3.060719
-3.133104
-3.207773
-3.285874
-3.370952
-3.460328
-3.554573
-3.658426
-3.769721
-3.888717
-4.021716
-4.167908
-4.327652
-4.510171
-4.717693
-4.952598
-5.230538
-5.562526
-5.960634
-6.461438
-7.111127
-7.978060
-9.222054
-11.168552
-14.629250
-22.669987
-62.817207
57.403900
17.285278
9.250189
5.774800
3.825763
2.580122
1.700979
1.043477
0.536967
0.125948
-0.217246
-0.503986
-0.753144
-0.974699
-1.169029
-1.344982
-1.508340
-1.656631
-1.794666
-1.926846
-2.050119
-2.166991
-2.281380
-2.390376
-2.495018
-2.599004
-2.699813
-2.797496
-2.895620
-2.992165
-3.086501
-3.182012
-3.277283
-3.371109
-3.466653
-3.563106
-3.658785
-3.756589
-3.856281
-3.955791
-4.057747
-4.162360
-4.267423
-4.375153
-4.486255
-4.598501
-4.713666
-4.833013
-4.954316
-5.078973
-5.208709
-5.341430
-5.478075
-5.620815
-5.767751
-5.919384
-6.078266
-6.242745
-6.412882
-6.591528
-6.777500
-6.970411
-7.173376
-7.385785
-7.606967
-7.840328
-8.085918
-8.342814
-8.614816
-8.902808
-9.205858
-9.527987
-9.871232
-10.234882
-10.623306
-11.040125
-11.484947
-11.963214
-12.480206
-13.037172
-13.640647
-14.299379
-15.016891
-15.802969
-16.671320
-17.631006
-18.697880
-19.895781
-21.245678
-22.777420
-24.537107
-26.574228
-28.957825
-31.792765
-35.214703
-39.422096
-44.732464
-51.638332
-60.974155
-74.318314
-94.948296
-131.034027
-210.441666
-528.123657
1060.170288
266.041321
152.613998
107.233627
82.801811
67.542381
57.097740
49.502941
43.737957
39.206444
35.551876
32.547752
30.029852
27.888958
26.051371
24.453331
23.050039
21.812576
20.710754
19.722038
18.834000
18.030413
17.297962
16.631268
16.021072
15.458204
14.940525
14.462767
14.017936
13.605363
13.222242
12.862914
12.527419
12.214458
11.919393
11.642333
11.383229
11.137988
10.906682
10.690035
10.484504
10.289921
10.107482
9.934250
9.769634
9.615300
9.468766
9.329076
9.198189
9.074200
8.955709
8.844962
8.740520
8.640733
8.547847
8.461016
8.378261
8.301784
8.231226
8.164429
8.103381
8.048298
7.996775
7.950593
7.910574
7.874123
7.842813
7.818063
7.797281
7.781697
7.773329
7.769816
7.771850
7.782244
7.798755
7.821798
7.854738
7.895818
7.944973
8.006304
8.078862
8.162125
8.261404
8.376797
8.507777
8.661247
8.839355
9.042590
9.280426
9.559276
9.882463
10.265865
10.725104
11.273822
11.945088
12.783150
13.840772
15.220708
17.095619
19.754780
23.819319
30.795532
45.403637
95.134964
-452.609131
-61.398525
-31.325554
-20.281061
-14.549446
-11.042381
-8.690161
-7.002053
-5.729931
-4.746104
-3.961855
-3.318902
-2.788880
-2.344450
-1.962658
-1.636451
-1.354833
-1.105924
-0.887885
-0.696693
-0.524228
-0.370772
-0.234835
-0.110675
0.001422
0.100908
0.192860
0.276752
0.351404
0.420815
0.485007
0.542055
0.595341
0.645278
0.689613
0.730960
0.770229
0.804946
0.837091
0.867940
0.895112
0.919892
0.943993
0.965041
0.983822
1.002468
1.018663
1.032751
1.046954
1.059384
1.069744
1.080458
1.089882
1.097245
1.105089
1.112018
1.116802
1.121928
1.126613
1.129062
1.131780
1.134360
1.134717
1.135157
1.135913
1.134581
1.133158
1.132449
1.129809
1.126852
1.124959
1.121268
1.116965
1.113904
1.109237
1.103513
1.099216
1.093389
1.086097
1.080359
1.073440
1.064579
1.057499
1.049626
1.039457
1.031207
1.022810
1.011624
1.002458
0.993824
0.981769
0.971557
0.962769
0.949533
0.937731
0.928600
0.913684
0.899405
0.890023
0.872711
0.854136
0.846108
0.824743
0.785795
-18.657194
0.785527
0.775648
0.744532
0.726296
0.712683
0.689296
0.669506
0.653704
0.631673
0.610593
0.592834
0.570567
0.547807
0.527784
0.504274
0.479369
0.456697
0.431346
0.404086
0.378679
0.351296
0.321738
0.293723
0.264307
0.232497
0.201890
0.170294
0.136119
0.102657
0.068466
0.031493
-0.005291
-0.042723
-0.083107
-0.123891
-0.165181
-0.209509
-0.254785
-0.300500
-0.349282
-0.399453
-0.450048
-0.503762
-0.559361
-0.615562
-0.674908
-0.736752
-0.799514
-0.865581
-0.934847
-1.005541
-1.079794
-1.158053
-1.238235
-1.322313
-1.411222
-1.502790
-1.598637
-1.700241
-1.805348
-1.915345
-2.032167
-2.153820
-2.281168
-2.416846
-2.559070
-2.708399
-2.867920
-3.036352
-3.213918
-3.404220
-3.606600
-3.821005
-4.051727
-4.298786
-4.562247
-4.847042
-5.154607
-5.485100
-5.844772
-6.237086
-6.663145
-7.131130
-7.647887
-8.216936
-8.850238
-9.560754
-10.357504
-11.260797
-12.296247
-13.487523
-14.875717
-16.518822
-18.483795
-20.877920
-23.866734
-27.689018
-32.750473
-39.784161
-50.196587
-67.181046
-99.876488
-188.638885
-1342.470337
272.979370
126.139236
82.946404
62.306301
50.216599
42.269413
36.657448
32.485313
29.256313
26.689690
24.602745
22.867676
21.406761
20.162529
19.085842
18.147915
17.326595
16.597937
15.948635
15.369760
14.847663
14.374584
13.947824
13.558151
13.201039
12.875941
12.576760
12.299883
12.046263
11.811635
11.593104
11.391890
11.205573
11.031025
10.870088
10.721203
10.581297
10.452297
10.333283
10.221479
10.118385
10.023964
9.935312
9.853874
9.780081
9.711158
9.648228
9.592335
9.540813
9.494385
9.454655
9.419121
9.388123
9.363620
9.343497
9.327523
9.317965
9.312921
9.311967
9.317438
9.327934
9.342300
9.363389
9.390290
9.421315
9.459392
9.504249
9.554165
9.611827
9.677788
9.749974
9.831347
9.922948
10.022765
10.133641
10.257691
10.392876
10.542048
10.708689
10.890931
11.091968
11.317021
11.565164
11.840613
12.150864
12.497545
12.886580
13.330336
13.835326
14.412842
15.084947
15.870907
16.796850
17.911402
19.271288
20.958235
23.116516
25.966400
29.884562
35.627327
44.835667
61.934479
104.724274
404.472626
-195.014114
-75.146111
-45.207779
-31.598911
-23.830109
-18.817917
-15.309294
-12.719299
-10.736320
-9.164211
-7.887825
-6.837267
-5.953320
-5.198705
-4.552416
-3.989691
-3.494170
-3.059048
-2.672156
-2.324054
-2.013322
-1.733191
-1.477131
-1.245829
-1.035411
-0.840828
-0.663242
-0.500813
-0.349098
-0.209538
-0.081492
0.038929
0.150508
0.252861
0.349493
0.439508
0.521837
0.599588
0.672319
0.738439
0.800718
0.859142
0.911817
0.961116
1.007483
1.048771
1.086973
1.122912
1.154296
1.182641
1.209144
1.231436
1.250511
1.267980
1.281414
1.291318
1.299591
1.303985
1.304384
1.303034
1.297830
1.288210
1.276487
1.260959
1.240351
1.217118
1.189812
1.156662
1.119994
1.078692
1.030320
0.977002
0.918089
0.850362
0.775695
0.693755
0.600612
0.497614
0.384687
0.257094
0.115146
-0.040998
-0.217444
-0.415373
-0.635167
-0.884827
-1.168624
-1.488603
-1.856671
-2.282979
-2.774912
-3.353393
-4.042830
-4.867239
-5.874775
-7.134175
-8.735376
-10.841851
-13.738177
-17.933073
-24.546183
-36.503918
-64.445953
-204.293365
215.529236
75.638802
47.687363
35.750175
29.138790
24.944038
22.063301
19.965364
18.369516
17.125784
16.131092
15.315792
14.643371
14.081202
13.602084
13.194865
12.846907
12.543851
12.282207
12.056952
11.858863
11.686989
11.539701
11.410440
11.298857
11.205202
11.124432
11.056192
11.001774
10.957191
10.921874
10.897748
10.881724
10.872857
10.873426
10.881207
10.894834
10.916986
10.945808
10.979853
11.021688
11.070233
11.123745
11.184569
11.252312
11.324985
11.404724
11.491757
11.583858
11.683075
11.790084
11.902818
12.022922
12.151681
12.287051
12.430425
12.583627
12.744769
12.914885
13.096441
13.287637
13.489258
13.704050
13.931062
14.170313
14.425406
14.695442
14.980757
15.285209
15.608993
15.951944
16.318958
16.711145
17.128771
17.577307
18.059574
18.576385
19.134623
19.739098
20.392143
21.102684
21.879232
22.726725
23.657932
24.687611
25.826900
27.096268
28.522345
30.129848
31.956917
34.056736
36.487900
39.335640
42.724094
46.814007
51.846752
58.200947
66.463531
77.638855
93.616341
118.314301
161.524811
256.620514
637.037476
-1264.946167
-313.987305
-178.149078
-123.803146
-94.548157
-76.271423
-63.760857
-54.665783
-47.759525
-42.329975
-37.952923
-34.353024
-31.334667
-28.769375
-26.566008
-24.648520
-22.965229
-21.479534
-20.154907
-18.966337
-17.897476
-16.928474
-16.044985
-15.239769
-14.500858
-13.819068
-13.191206
-12.609862
-12.068221
-11.565299
-11.096415
-10.656091
-10.244386
-9.858420
-9.493549
-9.150329
-8.827250
-8.520190
-8.229774
-7.955653
-7.694019
-7.445491
-7.210380
-6.985323
-6.770613
-6.567233
-6.372073
-6.185111
-6.007772
-5.837321
-5.673335
-5.517582
-5.367755
-5.223043
-5.085447
-4.953156
-4.824894
-4.702952
-4.585919
-4.472212
-4.364094
-4.260755
-4.160162
-4.064520
-3.973578
-3.884961
-3.800726
-3.721174
-3.643613
-3.569945
-3.501028
-3.434012
-3.370485
-3.312006
-3.255625
-3.202494
-3.155006
-3.110119
-3.068589
-3.033458
-3.001890
-2.974077
-2.953832
-2.938723
-2.928159
-2.927134
-2.933806
-2.947172
-2.973536
-3.012575
-3.063149
-3.134150
-3.228506
-3.346744
-3.503681
-3.711529
-3.980335
-4.346627
-4.861768
-5.601581
-6.756275
-8.773190
-13.017920
-27.559885
133.185684
18.407745
9.612839
6.412621
4.760097
3.758611
3.102185
2.636218
2.290231
2.033020
1.832180
1.670666
1.545308
1.443895
1.358707
1.291928
1.237683
1.190742
1.154335
1.125631
1.100221
1.081291
1.067737
1.055587
1.047615
1.043888
1.040641
1.040118
1.043149
1.046199
1.050963
1.058744
1.066383
1.074790
1.085825
1.096665
1.107576
1.120804
1.133808
1.146493
1.161230
1.175938
1.189982
1.205870
1.222069
1.237396
1.254346
1.271826
1.288315
1.306167
1.324723
1.342129
1.360543
1.379875
1.397842
1.416603
1.436388
1.454926
1.473808
1.493934
1.512960
1.532041
1.552704
1.572320
1.591775
1.612991
1.633375
1.653290
1.675005
1.696063
1.716231
1.738244
1.759774
1.780124
1.802140
1.824017
1.844443
1.866470
1.888902
1.909538
1.931720
1.954993
1.976141
1.998774
2.022897
2.044886
2.067878
2.093092
2.115612
2.138780
2.164636
2.187600
2.210317
2.236969
2.260231
2.282134
2.309495
2.333565
2.354181
2.383346
2.409911
2.428737
2.463709
2.509281
-643.980530
2.515593
2.545318
2.587799
2.613311
2.639050
2.673599
2.702233
2.729162
2.762321
2.792347
2.820239
2.852823
2.883809
2.912553
2.945028
2.977165
3.007311
3.040366
3.074089
3.105844
3.140197
3.175752
3.209626
3.245556
3.282974
3.319005
3.356524
3.395910
3.433979
3.473185
3.514436
3.554619
3.595702
3.639037
3.681806
3.725229
3.771124
3.816933
3.863276
3.912282
3.961648
4.011449
4.063995
4.117313
4.170969
4.227435
4.285098
4.343057
4.403913
4.466476
4.529516
4.595511
4.663886
4.733000
4.805280
4.880700
4.957288
5.037287
5.121173
5.206818
5.296161
5.390230
5.486749
5.587380
5.693730
5.803506
5.918049
6.039591
6.165951
6.298183
6.439148
6.586979
6.742318
6.908790
7.085021
7.271317
7.472047
7.686656
7.915292
8.163296
8.431345
8.719836
9.035563
9.381461
9.758763
10.177114
10.643250
11.161555
11.746984
12.414581
13.176870
14.062308
15.106144
16.347078
17.854464
19.731117
22.120268
25.275475
29.652405
36.110989
46.627445
66.850830
121.677994
833.964050
-163.229401
-72.538765
-45.834293
-33.060253
-25.559666
-20.614330
-17.114323
-14.501285
-12.468058
-10.845847
-9.518700
-8.406309
-7.464257
-6.655109
-5.946983
-5.324836
-4.774008
-4.277935
-3.830885
-3.426809
-3.055491
-2.714231
-2.401140
-2.108990
-1.836257
-1.583045
-1.343832
-1.117463
-0.905034
-0.702348
-0.508159
-0.324170
-0.147178
0.024346
0.188232
0.346918
0.502156
0.651738
0.797268
0.940895
1.080324
1.216601
1.352074
1.484727
1.614944
1.745351
1.874115
2.001206
2.129243
2.256791
2.383341
2.511529
2.640337
2.768730
2.899367
3.031689
3.164196
3.299569
3.437676
3.576784
3.719406
3.866044
4.014772
4.167863
4.326494
4.488596
4.656265
4.831349
5.011760
5.199295
5.396510
5.601578
5.815859
6.042858
6.281002
6.531639
6.799109
7.082716
7.383762
7.708102
8.056179
8.429882
8.836902
9.280384
9.763323
10.297070
10.888844
11.545656
12.285710
13.125561
14.082288
15.190438
16.490412
18.030602
19.894768
22.202402
25.123655
28.956923
34.223270
41.895123
54.147930
76.895889
133.691513
531.016052
-263.609131
-104.629356
-64.851349
-46.765549
-36.412590
-29.696125
-24.991009
-21.503325
-18.807713
-16.666853
-14.920785
-13.463893
-12.234185
-11.180035
-10.261356
-9.457146
-8.746202
-8.108746
-7.536599
-7.020350
-6.547730
-6.115551
-5.719496
-5.351262
-5.009333
-4.692265
-4.393826
-4.113121
-3.850270
-3.600507
-3.362995
-3.138875
-2.924298
-2.718226
-2.522472
-2.333811
-2.151082
-1.976217
-1.806826
-1.641284
-1.481763
-1.326476
-1.173407
-1.024859
-0.879539
-0.735358
-0.594315
-0.455868
-0.317617
-0.181416
-0.047238
0.087439
0.221132
0.353340
0.486738
0.620248
0.752877
0.887385
1.023153
1.158806
1.297109
1.437919
1.579503
1.724478
1.873292
2.023978
2.178940
2.339242
2.502723
2.671649
2.847875
3.029124
3.217430
3.415607
3.621538
3.837107
4.066018
4.306729
4.561018
4.833824
5.124511
5.434953
5.771940
6.136453
6.531273
6.966020
7.444879
7.973391
8.566594
9.235812
9.993878
10.868555
11.889612
13.092113
14.541428
16.324997
18.566931
21.488537
25.463942
31.178308
40.136738
56.244968
93.749367
281.099304
-280.873138
-93.469864
-55.950016
-39.859772
-30.895622
-25.171589
-21.203215
-18.279388
-16.029713
-14.249814
-12.799949
-11.591384
-10.572711
-9.698553
-8.935696
-8.267972
-7.675975
-7.143381
-6.664828
-6.231211
-5.832346
-5.466809
-5.130300
-4.815574
-4.522598
-4.249654
-3.991078
-3.747167
-3.517710
-3.298034
-3.088342
-2.889409
-2.697210
-2.511725
-2.334258
-2.161542
-1.993057
-1.830567
-1.671465
-1.514792
-1.362607
-1.212785
-1.064016
-0.918494
-0.774638
-0.630702
-0.488925
-0.348112
-0.206262
-0.065422
0.075072
0.217565
0.360258
0.503291
0.649277
0.796707
0.945197
1.097564
1.252665
1.409703
1.571524
1.737541
1.906538
2.081469
2.262281
2.447513
2.640194
2.840970
3.048176
3.264862
3.492551
3.729487
3.978809
4.242960
4.520382
4.814238
5.128214
5.461331
5.816989
6.200638
6.612331
7.056347
7.540697
8.067660
8.643628
9.280778
9.986204
10.770947
11.655573
12.657379
13.799438
15.121669
16.667740
18.495607
20.701317
23.413593
26.822573
31.252945
37.245312
45.788883
58.988777
82.089424
132.867599
335.953247
-679.521484
-171.738113
-99.188126
-70.176552
-54.543377
-44.767838
-38.085014
-33.219479
-29.518093
-26.614084
-24.269339
-22.335396
-20.718414
-19.342800
-18.156511
-17.127783
-16.225067
-15.424223
-14.713410
-14.077037
-13.501482
-12.982291
-12.511160
-12.079081
-11.684597
-11.323324
-10.988487
-10.679875
-10.395417
-10.129742
-9.882937
-9.654522
-9.440038
-9.239608
-9.053809
-8.878800
-8.714552
-8.562330
-8.418907
-8.283890
-8.159077
-8.041671
-7.930980
-7.829008
-7.733575
-7.643555
-7.561129
-7.484667
-7.412706
-7.347508
-7.288014
-7.232481
-7.183135
-7.139497
-7.099610
-7.065544
-7.037443
-7.013075
-6.994345
-6.981945
-6.973479
-6.970610
-6.974567
-6.982885
-6.996944
-7.018506
-7.045262
-7.078185
-7.119676
-7.167595
-7.222620
-7.287799
-7.361383
-7.443650
-7.538322
-7.644216
-7.761338
-7.894135
-8.042359
-8.205762
-8.389899
-8.595805
-8.823617
-9.080252
-9.369280
-9.691891
-10.057875
-10.474963
-10.947883
-11.492138
-12.124488
-12.859259
-13.726299
-14.765729
-16.021379
-17.570585
-19.531874
-22.074015
-25.499277
-30.367771
-37.788540
-50.465729
-77.037888
-167.445389
827.269531
116.858124
62.237881
42.124352
31.691748
25.311087
21.003332
17.912483
15.587834
13.772176
12.323126
11.140909
10.153949
9.323171
8.615684
8.002118
7.468740
7.002883
6.588745
6.220972
5.894554
5.599573
5.333400
5.094826
4.876751
4.677567
4.497754
4.332117
4.179255
4.040525
3.912031
3.792278
3.683200
3.581890
3.486649
3.399645
3.318836
3.242343
3.172376
3.107640
3.045966
2.989512
2.937647
2.887970
2.842408
2.800936
2.761004
2.724243
2.691144
2.659096
2.629416
2.603086
2.577543
2.553694
2.532987
2.512969
2.494129
2.478317
2.463203
2.448833
2.437321
2.426687
2.416304
2.408592
2.401791
2.394853
2.390314
2.386787
2.382736
2.380775
2.380051
2.378527
2.378833
2.380667
2.381522
2.383996
2.388397
2.391684
2.396311
2.403189
2.409023
2.415622
2.424909
2.432927
2.441166
2.452369
2.462363
2.471741
2.484553
2.496218
2.506534
2.520763
2.534359
2.545505
2.561432
2.577485
2.589650
2.607523
2.626945
2.639232
2.658814
2.683308
2.690418
2.700272
